Bypass,DRY WET MIX,WET GAIN,LOW CUT,PRE-DELAY,REVERB SOURCE,AIR,SUSTAIN,FREEZE,DIFFUSION,RICHNESS,INTERVAL,PITCH RANDOMIZE,HCF AMOUNT,HCF MODE,SNAPSHOT,SIMPLIFY,BREATHINESS,TRACKING MODE,REVERB MODEL,REVERB SIZE,REVERB DAMP,REVERB MIX,KYBD ALGO,HCF WEIGHTING,Wet,Delta
0.0,1.0,0.5,0.08,0.02,0.62,0.13,0.4964,0.0,0.0,0.27,0.75,0.21,0.85,0.5,0.0,0.26,0.23,1.0,0.5,0.61,0.38,0.5071,0.0,0.54,1.0,0.0
0.0,1.0,0.5,0.08,0.02,0.74,0.0,0.7393,0.0,0.0,0.3,0.75,0.21,0.665,0.5,0.0,0.26,0.23,1.0,0.5,0.5,0.39,0.5071,0.0,0.54,1.0,0.0
0.0,1.0,0.5,0.13,0.02,1.0,0.0,0.7,0.0,0.0,0.0,0.75,0.05,0.5,0.5,0.0,0.0,0.0,1.0,0.0,0.8,0.06,0.0714,0.0,0.5,1.0,0.0
0.0,1.0,0.5,0.13,0.02,1.0,0.0,0.7,0.0,0.0,0.0,0.75,0.05,0.8,0.5,0.0,0.0,0.39,1.0,0.0,0.8,0.06,0.0714,0.0,0.615,1.0,0.0
0.0,1.0,0.5,0.13,0.02,1.0,0.0,0.7964,0.0,0.0,0.37,0.75,0.0,0.5,0.5,0.0,0.0,0.0,1.0,0.0,0.8,0.06,0.0,0.0,0.5,1.0,0.0
0.0,1.0,0.5,0.13,0.02,1.0,0.0,0.8536,0.0,0.97,0.37,0.75,0.26,0.82,0.5,0.0,0.0,0.37,1.0,0.0,0.8,0.06,0.5,0.0,0.72,1.0,0.0
0.0,1.0,0.5,0.08,0.02,1.0,0.25,0.8464,0.0,0.49,0.38,0.5,0.34,0.755,0.5,0.0,0.0,0.18,1.0,0.0,0.8,0.06,0.0857,0.0,0.715,1.0,0.0
0.0,1.0,0.5,0.13,0.02,1.0,0.0,0.6964,0.0,0.0,0.0,0.75,0.05,0.5,0.5,0.0,0.0,0.0,1.0,0.5,0.8,0.06,0.0,0.0,0.5,1.0,0.0
0.0,1.0,0.5,0.13,0.02,1.0,0.0,0.6964,0.0,0.0,0.0,0.75,0.05,0.5,0.5,0.0,0.0,0.0,1.0,1.0,0.8,0.06,0.0,0.0,0.5,1.0,0.0
0.0,1.0,0.5,0.13,0.02,1.0,0.0,0.7107,0.0,1.0,0.0,0.75,0.05,0.845,0.5,0.0,0.0,0.23,1.0,0.5,0.8,0.06,0.0,0.0,0.57,1.0,0.0
0.0,1.0,0.5,0.13,0.02,1.0,0.0,0.7107,0.0,1.0,0.0,0.75,0.05,0.845,0.5,0.0,0.0,0.23,1.0,1.0,0.8,0.06,0.0,0.0,0.57,1.0,0.0
0.0,1.0,0.5,0.13,0.02,1.0,0.0,0.8143,0.0,1.0,0.68,0.75,0.05,0.5,0.0,0.0,0.0,0.0,1.0,1.0,0.37,0.25,0.0,0.0,0.5,1.0,0.0
0.0,1.0,0.5,0.13,0.02,1.0,0.0,0.8143,0.0,1.0,0.68,0.75,0.05,0.5,0.0,0.0,0.0,0.0,1.0,0.5,0.37,0.25,0.0,0.0,0.5,1.0,0.0
0.0,1.0,0.5,0.13,0.02,1.0,0.0,0.5143,0.0,1.0,0.39,0.75,0.05,0.865,0.5,0.0,0.0,0.25,1.0,1.0,0.6,0.26,1.0,0.0,0.55,1.0,0.0
0.0,1.0,0.5,0.13,0.02,1.0,0.0,0.5143,0.0,1.0,0.39,0.75,0.05,0.865,0.5,0.0,0.0,0.25,1.0,0.5,0.6,0.26,1.0,0.0,0.55,1.0,0.0
0.0,1.0,0.5,0.08,0.02,1.0,0.22,0.825,0.0,0.49,1.0,0.5,0.51,0.85,0.5,0.0,0.0,0.23,1.0,1.0,0.8,0.19,0.2929,0.0,0.715,1.0,0.0
0.0,1.0,0.5,0.08,0.02,1.0,0.22,0.825,0.0,0.49,1.0,0.5,0.51,0.85,0.5,0.0,0.0,0.23,1.0,0.5,0.8,0.19,0.2929,0.0,0.715,1.0,0.0
0.0,1.0,0.5,0.0,0.0,0.0,0.0,0.4893,0.0,0.0,0.0,0.75,0.05,0.705,0.5,0.0,0.0,0.22,1.0,0.0,0.27,0.24,1.0,0.0,0.615,1.0,0.0
0.0,1.0,0.5,0.0,0.0,0.0,0.0,0.4893,0.0,0.0,0.0,0.75,0.05,0.75,0.5,0.0,0.0,0.38,1.0,0.0,0.51,0.39,1.0,0.0,0.615,1.0,0.0
0.0,1.0,0.5,0.0,0.0,0.0,0.0,0.4893,0.0,0.0,0.0,0.75,0.05,0.855,0.5,0.0,0.0,0.0,1.0,0.0,0.84,0.37,1.0,0.0,0.6,1.0,0.0
0.0,1.0,0.5,0.0,0.0,0.0,0.0,0.4893,0.0,0.0,0.0,0.75,0.05,0.705,0.5,0.0,0.0,0.22,1.0,0.5,0.13,0.2,1.0,0.0,0.615,1.0,0.0
0.0,1.0,0.4479,0.0,0.0,0.0,0.0,0.4893,0.0,0.0,0.0,0.75,0.05,0.705,0.5,0.0,0.0,0.22,1.0,1.0,0.13,0.2,1.0,0.0,0.615,1.0,0.0
0.0,1.0,0.5,0.0,0.0,0.0,0.0,0.4893,0.0,0.0,0.0,0.75,0.05,0.625,0.5,0.0,0.0,0.22,1.0,0.5,0.5,0.38,1.0,0.0,0.58,1.0,0.0
0.0,1.0,0.5,0.0,0.0,0.0,0.0,0.4893,0.0,0.0,0.0,0.75,0.05,0.625,0.5,0.0,0.0,0.22,1.0,1.0,0.5,0.38,1.0,0.0,0.58,1.0,0.0
0.0,1.0,0.5,0.0,0.09,0.0,0.0,0.4893,0.0,0.0,0.0,0.75,0.05,0.7,0.5,0.0,0.0,0.22,1.0,0.5,0.74,0.36,1.0,0.0,0.705,1.0,0.0
0.0,1.0,0.5,0.0,0.09,0.0,0.0,0.4893,0.0,0.0,0.0,0.75,0.05,0.7,0.5,0.0,0.0,0.22,1.0,1.0,0.74,0.36,1.0,0.0,0.705,1.0,0.0
0.0,1.0,0.5,0.0,0.2,0.0,0.0,0.0,0.0,0.0,0.0,0.75,0.0,0.735,0.5,0.0,0.0,0.0,1.0,0.0,0.0,0.0,0.0,0.0,0.5,1.0,0.0
0.0,1.0,0.5,0.0,0.2,0.0,0.0,0.0,0.0,0.0,0.0,0.75,0.0,0.3,0.5,0.0,0.0,0.0,1.0,0.0,0.0,0.0,0.0,0.0,0.5,1.0,0.0
0.0,1.0,0.5,0.13,0.02,1.0,0.0,0.7036,0.0,1.0,0.27,0.75,0.49,1.0,1.0,0.0,0.0,0.16,1.0,0.0,0.8,0.22,0.9179,0.3333,0.5,1.0,0.0
0.0,1.0,0.5,0.13,0.02,1.0,0.0,0.7036,0.0,1.0,0.27,0.75,0.49,1.0,1.0,0.0,0.0,0.27,1.0,0.5,0.61,0.32,0.9179,0.3333,0.5,1.0,0.0
0.0,1.0,0.25,0.08,0.12,1.0,0.0,0.7536,0.0,0.71,0.28,0.75,0.31,0.775,0.5,0.5,0.0,0.0,0.0,0.5,0.99,0.33,1.0,1.0,0.395,1.0,0.0
0.0,1.0,0.25,0.08,0.12,1.0,0.19,0.7536,0.0,0.71,0.28,0.75,0.31,0.775,0.5,0.5,0.0,0.33,0.0,0.5,0.99,0.2,1.0,1.0,0.685,1.0,0.0
0.0,1.0,0.25,0.08,0.12,1.0,0.0,0.7536,0.0,0.71,0.28,0.75,0.31,0.515,0.5,0.5,0.0,0.0,0.0,0.5,0.99,0.33,1.0,1.0,0.63,1.0,0.0
0.0,1.0,0.5,0.08,0.07,1.0,0.0,0.0,0.0,0.0,0.15,0.75,0.24,0.81,0.5,0.5,0.0,0.26,0.0,0.5,0.73,0.37,1.0,1.0,0.805,1.0,0.0
0.0,1.0,0.5,0.04,0.0,0.0,0.0,0.0,0.0,0.0,0.0,0.75,0.05,1.0,1.0,0.0,0.0,0.51,1.0,0.5,0.13,0.2,0.0,0.3333,0.505,1.0,0.0
0.0,1.0,0.4375,0.04,0.0,0.0,0.0,0.0,0.0,0.0,0.0,0.75,0.05,1.0,1.0,0.0,0.0,0.49,1.0,0.5,0.13,0.2,0.0,1.0,0.505,1.0,0.0
0.0,1.0,0.5,0.05,0.0,0.0,0.0,0.0,0.0,0.0,0.0,0.75,0.05,0.0,1.0,0.0,0.0,0.49,1.0,0.5,0.74,0.2,1.0,0.3333,0.505,1.0,0.0
0.0,1.0,0.5,0.1,0.0,1.0,0.0,0.75,0.0,1.0,0.97,0.75,0.11,0.655,0.5,1.0,0.72,0.0,1.0,0.5,0.28,0.5,0.4571,0.0,0.72,1.0,0.0
0.0,1.0,0.5,0.1,0.0,1.0,0.0,0.7643,0.0,0.0,0.97,1.0,0.02,0.645,0.5,1.0,0.72,0.0,1.0,0.5,0.28,0.5,0.0,0.0,0.72,1.0,0.0
0.0,1.0,0.375,0.1,0.0,1.0,0.0,0.7929,0.0,1.0,0.5,0.75,0.05,0.575,0.5,1.0,0.95,0.0,0.0,1.0,0.74,0.38,0.0,0.0,0.72,1.0,0.0
0.0,1.0,0.5,0.08,0.13,0.5,0.41,0.7464,0.0,1.0,0.78,1.0,0.37,0.0,0.5,0.0,0.0,0.21,1.0,0.5,0.49,0.48,0.8857,0.0,0.495,1.0,0.0
0.0,1.0,0.5,0.19,0.12,0.5,0.0,0.5786,0.0,1.0,0.21,0.75,0.53,1.0,0.5,0.0,0.0,0.0,1.0,0.5,0.84,0.32,0.5071,0.0,0.5,1.0,0.0
0.0,1.0,0.5,0.19,0.04,1.0,0.0,0.7964,0.0,0.0,0.21,0.75,0.16,0.5,0.0,0.0,0.0,0.0,1.0,0.0,0.8,0.06,0.0,0.0,0.5,1.0,0.0
0.0,1.0,0.5,0.08,0.0,0.66,0.25,0.55,0.0,0.94,0.5,0.5,0.6,1.0,1.0,0.5,0.0,0.16,0.0,0.5,0.83,0.24,0.8964,1.0,0.505,1.0,0.0
0.0,1.0,0.5,0.08,0.14,1.0,0.0,0.0,0.0,0.0,0.25,0.75,0.24,0.735,0.5,0.0,0.0,0.39,1.0,0.5,0.83,0.38,1.0,0.0,0.335,1.0,0.0
0.0,1.0,0.5,0.11,0.16,0.84,0.0,0.1286,0.0,1.0,0.77,0.25,0.24,0.855,0.5,0.0,0.0,0.17,1.0,0.5,0.88,0.38,0.9357,0.0,0.435,1.0,0.0
0.0,1.0,0.5,0.08,0.14,1.0,0.23,0.8036,0.0,0.92,0.33,0.75,0.54,0.735,0.5,0.0,0.0,0.0,1.0,0.0,0.81,0.18,0.7071,0.0,0.5,1.0,0.0
0.0,1.0,0.5,0.08,0.14,1.0,0.23,0.8393,0.0,0.0,0.25,0.75,0.24,0.66,0.5,0.0,0.0,0.0,1.0,0.5,0.81,0.0,0.3571,0.0,0.5,1.0,0.0
0.0,1.0,0.5,0.12,0.14,1.0,0.23,0.8393,0.0,0.0,0.25,0.75,0.24,0.745,0.5,0.0,0.0,0.0,1.0,0.5,0.81,0.0,0.3571,0.0,0.5,1.0,0.0
0.0,1.0,0.5,0.08,0.08,0.82,0.0,0.4714,0.0,0.24,0.26,0.75,0.25,0.575,0.5,0.0,0.25,0.43,1.0,0.5,0.82,0.16,1.0,0.0,0.5,1.0,0.0
0.0,1.0,0.5,0.08,0.14,0.68,0.15,0.2464,0.0,0.24,0.3,0.75,0.14,0.695,0.5,0.0,0.16,0.64,1.0,0.5,0.11,0.37,1.0,0.0,0.5,1.0,0.0
0.0,1.0,0.5,0.1,0.1,0.67,0.0,0.6571,0.0,0.0,1.0,0.5,0.64,0.94,0.5,0.0,0.0,0.0,1.0,0.5,0.61,0.36,0.5036,0.6667,0.375,1.0,0.0
0.0,1.0,0.5,0.08,0.01,0.0,0.0,0.0,0.0,0.0,0.0,0.75,0.05,0.32,0.5,0.0,0.0,0.0,1.0,0.5,0.09,0.51,1.0,0.0,0.5,1.0,0.0
0.0,1.0,0.5,0.14,0.02,0.0,0.43,0.5,0.0,1.0,0.0,0.75,0.0,1.0,0.5,0.0,0.0,0.51,0.0,0.5,0.0,0.46,0.9893,0.0,0.5,1.0,0.0
0.0,1.0,0.5,0.08,0.09,0.6,0.0,0.5036,0.0,0.5,0.47,0.75,0.73,0.8,0.5,0.0,0.0,0.0,1.0,0.5,0.61,0.36,1.0,0.0,0.625,1.0,0.0
0.0,1.0,0.5,0.2,0.09,1.0,0.23,0.8071,0.0,0.99,0.23,0.75,0.3,0.67,0.5,0.0,0.2,0.0,1.0,0.5,0.27,0.16,0.4607,0.0,0.5,1.0,0.0
0.0,1.0,0.5,0.07,0.08,1.0,0.25,0.7679,0.0,0.0,0.25,0.75,0.17,0.71,0.5,0.0,0.0,0.27,1.0,0.5,0.82,0.16,0.0,0.0,0.5,1.0,0.0
0.0,1.0,0.5625,0.11,0.01,0.49,0.0,0.3571,0.0,1.0,0.0,1.0,0.13,0.285,0.5,0.0,0.0,0.0,1.0,0.5,0.38,0.6,1.0,0.0,0.6,1.0,0.0
0.0,1.0,0.5625,0.08,0.13,0.51,0.53,0.6929,0.0,0.51,0.6,0.75,0.37,0.16,0.5,0.0,0.0,0.0,1.0,0.5,0.49,0.46,0.5071,0.0,0.49,1.0,0.0
0.0,1.0,0.5,0.08,0.0,0.0,0.0,0.0,0.0,0.0,0.0,0.75,0.05,0.175,0.5,0.0,0.0,0.0,1.0,0.5,0.19,0.16,1.0,0.0,0.62,1.0,0.0
0.0,1.0,0.5625,0.08,0.09,0.58,0.0,0.7821,0.0,0.5,0.4,0.5,0.48,0.255,0.5,0.0,0.0,0.0,1.0,0.5,0.46,0.36,1.0,0.0,0.5,1.0,0.0
0.0,1.0,0.5,0.08,0.14,0.67,0.15,0.3107,0.0,0.24,0.3,0.75,0.14,0.85,0.5,0.0,0.16,0.42,1.0,0.0,0.54,0.0,1.0,0.0,0.5,1.0,0.0
0.0,1.0,0.5,0.08,0.08,0.82,0.0,0.4607,0.0,0.24,0.26,0.75,0.14,0.815,0.5,0.0,0.0,0.43,1.0,0.5,0.52,0.28,1.0,0.0,0.5,1.0,0.0
0.0,1.0,0.5,0.2,0.09,1.0,0.23,0.8071,0.0,0.99,0.23,0.75,0.3,0.815,0.5,0.0,0.2,0.24,1.0,0.5,0.27,0.16,0.4607,0.0,0.5,1.0,0.0
0.0,1.0,0.5,0.2,0.09,1.0,0.27,0.8179,0.0,0.46,0.27,1.0,0.47,0.275,0.5,0.0,0.17,0.0,1.0,0.5,0.55,0.16,0.4679,0.0,0.5,1.0,0.0
0.0,1.0,0.5,0.12,0.08,0.49,0.24,0.8214,0.0,0.48,0.22,0.75,0.27,0.83,0.5,1.0,0.0,0.61,1.0,0.5,0.62,0.23,1.0,0.0,0.5,1.0,0.0
0.0,1.0,0.5,0.12,0.08,1.0,0.0,0.8036,0.0,0.49,0.72,0.75,0.03,0.63,0.5,1.0,0.0,0.47,1.0,0.5,0.31,0.03,0.5036,0.0,0.5,1.0,0.0
0.0,1.0,0.5,0.08,0.1,0.8,0.13,0.75,0.0,0.0,0.3,0.75,0.05,0.725,0.5,0.0,0.0,0.23,1.0,0.5,0.61,0.38,0.5036,0.0,0.74,1.0,0.0
0.0,1.0,0.625,0.08,0.0,1.0,0.0,0.0,0.0,1.0,1.0,0.5,0.77,0.84,0.5,0.0,0.24,0.39,1.0,0.0,0.0,0.0,0.0,0.6667,0.67,1.0,0.0
0.0,1.0,0.5,0.08,0.16,0.41,0.0,0.7429,0.0,0.94,0.2,0.75,0.64,0.375,0.5,0.0,0.0,0.0,0.0,0.5,0.81,0.24,0.6571,1.0,0.505,1.0,0.0
0.0,1.0,0.5,0.08,0.13,0.5,0.0,0.7464,0.0,0.18,0.32,0.75,0.34,1.0,0.5,0.0,0.0,0.5,1.0,0.5,0.49,0.4,0.8857,0.0,0.68,1.0,0.0
0.0,1.0,0.5,0.5,0.24,1.0,0.69,0.7464,0.0,0.52,1.0,0.75,1.0,0.755,0.5,0.0,0.0,0.0,1.0,0.5,0.73,0.46,1.0,0.0,0.34,1.0,0.0
0.0,1.0,0.5,0.12,0.08,0.49,0.0,0.8214,0.0,0.48,0.22,0.75,0.29,0.75,0.5,1.0,0.0,0.36,1.0,0.5,0.78,0.75,1.0,0.0,0.54,1.0,0.0
0.0,1.0,0.5,0.12,0.08,0.5,0.27,0.6679,0.0,0.08,1.0,1.0,0.12,1.0,0.5,1.0,0.0,0.0,1.0,1.0,0.93,0.8,1.0,0.0,0.5,1.0,0.0
0.0,1.0,0.5,0.5,0.1,1.0,0.0,0.8714,0.0,0.0,1.0,0.25,1.0,0.685,0.5,0.0,0.0,0.0,1.0,0.5,0.8,0.38,1.0,0.0,0.365,1.0,0.0
0.0,1.0,0.5,0.08,0.0,0.0,0.0,0.4679,0.0,0.0,0.0,0.75,0.0,0.74,0.5,0.0,0.0,0.0,0.0,0.0,0.36,0.39,1.0,0.0,0.72,1.0,0.0
0.0,1.0,0.5,0.08,0.0,0.0,0.13,0.4679,0.0,0.0,0.0,0.75,0.0,0.895,0.5,0.0,0.0,0.0,0.0,0.0,0.29,0.3,1.0,0.0,0.9,1.0,0.0
0.0,1.0,0.5,0.05,0.08,0.0,0.0,0.0,0.0,0.0,0.0,1.0,0.0,0.615,0.5,1.0,0.0,0.0,1.0,0.0,1.0,0.3,1.0,0.0,1.0,1.0,0.0
0.0,1.0,0.5,0.52,0.24,1.0,0.76,0.825,0.0,1.0,1.0,0.0,1.0,1.0,0.5,0.0,0.0,0.0,1.0,1.0,0.81,0.46,1.0,0.0,1.0,1.0,0.0
0.0,1.0,0.5,0.08,0.1,1.0,0.0,0.5,0.0,0.0,0.0,0.75,0.0,0.755,0.5,0.0,0.42,0.0,0.0,1.0,0.91,0.37,0.0,0.0,0.72,1.0,0.0
0.0,1.0,0.5,0.0,0.0,1.0,0.0,0.9429,0.0,0.0,0.0,0.75,0.0,0.5,0.5,0.0,0.0,0.0,0.0,0.5,0.0,0.0,0.0,0.3333,0.5,1.0,0.0
0.0,1.0,0.5,0.04,0.02,1.0,0.2,0.9429,0.0,0.26,0.0,0.75,0.0,0.6,0.5,0.0,0.0,0.26,0.0,0.5,0.0,0.13,0.0,0.3333,1.0,1.0,0.0
0.0,1.0,0.5,0.04,0.02,1.0,0.2,0.9393,0.0,0.49,0.35,0.5,0.03,0.6,0.5,0.0,0.16,1.0,0.0,0.5,0.0,0.0,0.0,0.3333,1.0,1.0,0.0
0.0,1.0,0.5,0.04,0.0,1.0,0.0,0.7786,0.0,0.0,0.0,0.75,0.0,0.625,0.5,0.0,0.0,0.51,0.0,0.0,0.0,0.0,1.0,0.3333,0.78,1.0,0.0
0.0,1.0,0.5,0.22,0.0,1.0,0.13,0.2679,0.0,1.0,0.34,0.0,0.05,0.575,0.5,0.0,0.09,0.0,0.0,0.0,0.8,0.25,1.0,0.3333,1.0,1.0,0.0
0.0,1.0,0.5,0.25,0.0,0.0,0.0,0.0,0.0,0.0,0.0,0.75,0.0,0.285,0.5,0.0,0.0,0.51,0.0,0.0,0.49,0.53,1.0,0.3333,0.5,1.0,0.0
0.0,1.0,0.5,0.08,0.08,0.74,0.33,0.6464,0.0,0.49,0.0,0.75,0.26,0.725,0.5,0.0,0.0,0.5,0.0,1.0,0.69,0.3,1.0,0.3333,1.0,1.0,0.0
0.0,1.0,0.5,0.05,0.0,0.0,0.0,0.9286,0.0,0.0,0.62,0.75,0.13,0.75,0.5,0.0,0.0,0.0,1.0,1.0,0.12,0.41,1.0,0.0,0.815,1.0,0.0
0.0,1.0,0.5,0.1,0.02,0.0,0.0,0.7357,0.0,1.0,0.0,0.75,0.12,0.2,0.5,0.0,0.0,0.49,1.0,1.0,0.12,0.0,1.0,0.0,0.255,1.0,0.0
0.0,1.0,0.5,0.21,0.1,0.0,0.0,0.0,0.0,0.0,0.0,0.75,0.0,0.675,0.5,0.0,0.0,0.49,1.0,1.0,0.73,0.6,1.0,0.0,1.0,1.0,0.0
0.0,1.0,0.5,0.07,0.07,0.0,0.0,0.85,0.0,0.49,0.72,0.75,0.03,0.755,0.5,1.0,0.0,0.0,1.0,0.5,0.12,0.25,0.2786,0.0,0.5,1.0,0.0
0.0,1.0,0.5,0.03,0.0,0.0,0.0,0.0,0.0,0.0,0.0,0.0,0.13,0.85,0.5,0.0,0.0,0.22,0.5,0.5,0.0,0.4,1.0,0.0,0.315,1.0,0.0
0.0,1.0,0.5,0.07,0.0,0.0,0.0,0.4929,0.0,1.0,0.69,0.75,0.18,0.675,0.5,0.0,0.0,0.0,0.5,0.0,0.28,0.64,1.0,0.0,0.5,1.0,0.0
0.0,1.0,0.5,0.07,0.0,0.0,0.0,0.4964,0.0,1.0,0.69,0.75,0.18,0.74,0.5,0.0,0.0,0.13,0.5,0.5,0.5,0.6,1.0,0.0,0.5,1.0,0.0
0.0,1.0,0.5,0.07,0.07,0.0,0.0,0.5,0.0,1.0,0.69,0.75,0.18,0.815,0.5,0.0,0.0,0.39,0.5,0.5,0.62,0.62,1.0,0.0,0.5,1.0,0.0
0.0,1.0,0.5,0.07,0.0,0.0,0.0,0.4929,0.0,1.0,0.69,0.75,0.18,1.0,0.5,0.0,0.0,0.11,0.5,0.5,0.83,0.46,0.0929,0.0,0.5,1.0,0.0
0.0,1.0,0.5,0.07,0.0,0.0,0.0,0.5,0.0,1.0,0.69,0.75,0.18,1.0,0.5,0.0,0.0,0.0,0.5,0.5,0.83,0.36,0.0964,0.0,0.5,1.0,0.0
0.0,1.0,0.5,0.07,0.0,0.0,0.0,0.4929,0.0,1.0,0.69,0.75,0.18,0.725,0.5,0.0,0.0,0.11,0.5,0.5,0.83,0.46,0.0929,0.0,0.5,1.0,0.0
0.0,1.0,0.5,0.07,0.0,0.0,0.0,0.4964,0.0,1.0,0.69,0.75,0.18,0.79,0.5,0.0,0.0,0.0,0.5,0.5,0.28,0.0,0.05,0.0,0.5,1.0,0.0
0.0,1.0,0.5,0.07,0.0,0.0,0.0,0.4964,0.0,1.0,0.69,0.75,0.18,1.0,0.5,0.0,0.0,0.18,0.5,0.5,0.83,0.46,0.0536,0.0,0.5,1.0,0.0
0.0,1.0,0.5,0.07,0.0,0.0,0.0,0.4929,0.0,1.0,0.69,0.75,0.18,0.94,0.5,0.0,0.0,0.0,0.5,0.5,0.34,0.52,0.2679,0.0,0.5,1.0,0.0
0.0,1.0,0.5,0.03,0.09,0.0,0.0,0.0,0.0,0.0,0.0,0.0,0.13,0.74,0.5,0.0,0.0,0.0,0.5,0.0,0.5,0.74,0.675,0.0,0.655,1.0,0.0
0.0,1.0,0.5,0.03,0.09,0.0,0.0,0.0,0.0,0.0,0.0,0.0,0.13,0.975,0.5,0.0,0.0,0.03,0.5,0.0,0.5,0.3,0.4821,0.0,0.0,1.0,0.0
0.0,1.0,0.5,0.07,0.0,0.0,0.0,0.4786,0.0,1.0,0.0,0.75,0.0,1.0,0.5,0.0,0.0,0.15,1.0,0.0,0.04,0.13,1.0,0.0,0.5,1.0,0.0
0.0,1.0,0.5,0.07,0.07,0.91,0.0,0.9071,0.0,1.0,0.0,0.75,0.12,0.785,0.5,1.0,0.0,0.0,1.0,0.5,0.31,0.49,1.0,0.0,0.5,1.0,0.0
0.0,1.0,0.5,0.07,0.04,0.0,0.0,0.5,0.0,1.0,0.0,0.75,0.12,1.0,0.5,1.0,0.0,0.13,1.0,0.5,0.28,0.19,0.4036,0.0,0.5,1.0,0.0
0.0,1.0,0.5,0.07,0.01,0.0,0.0,0.3321,0.0,1.0,0.0,0.75,0.12,1.0,0.5,1.0,0.0,0.14,1.0,0.5,0.0,0.48,1.0,0.0,0.5,1.0,0.0
0.0,1.0,0.5,0.07,0.11,0.72,0.0,0.7679,0.0,0.78,0.4,0.75,0.74,0.725,0.5,0.0,0.0,0.02,0.5,0.5,0.78,0.27,0.3929,0.0,0.335,1.0,0.0
0.0,1.0,0.5,0.15,0.11,0.68,0.0,0.7571,0.0,1.0,0.48,0.75,0.56,0.74,0.5,0.0,0.0,0.21,0.5,0.5,0.78,0.05,0.5,0.0,0.585,1.0,0.0
0.0,1.0,0.5,0.0,0.11,0.35,0.0,0.7214,0.0,0.53,0.19,0.75,0.14,0.805,0.5,0.0,0.0,0.13,0.5,0.5,0.65,0.25,0.5179,0.0,0.41,1.0,0.0
0.0,1.0,0.5,0.12,0.0,0.48,0.0,0.8143,0.0,0.56,0.52,0.0,0.28,0.805,0.5,0.0,0.0,0.39,0.5,0.5,0.83,0.44,0.8893,0.0,0.685,1.0,0.0
0.0,1.0,0.5,0.0,0.0,0.52,0.0,0.7964,0.0,0.21,0.57,0.75,0.22,0.705,0.5,0.0,0.0,0.17,0.5,0.5,0.83,0.22,0.5893,0.0,0.585,1.0,0.0
0.0,1.0,0.5,0.07,0.0,0.63,0.0,0.7,0.0,0.52,0.52,0.5,0.26,0.76,0.5,0.0,0.0,0.14,0.5,0.5,0.52,0.5,1.0,0.0,0.59,1.0,0.0
0.0,1.0,0.5,0.0,0.0,0.54,0.46,0.8679,0.0,0.08,0.57,0.75,0.69,0.795,0.5,0.0,0.0,0.29,0.5,0.5,0.83,0.49,0.5214,0.0,0.625,1.0,0.0
0.0,1.0,0.5,0.07,0.0,0.77,0.0,0.8429,0.0,0.5,0.69,0.75,0.3,0.815,0.5,0.0,0.0,0.38,0.5,0.5,0.72,0.43,1.0,0.0,0.57,1.0,0.0
0.0,1.0,0.5,0.07,0.0,0.68,0.0,0.7179,0.0,0.47,0.56,0.5,0.67,0.835,0.5,0.0,0.0,0.3,0.5,0.5,0.72,0.3,1.0,0.0,0.545,1.0,0.0
0.0,1.0,0.5,0.07,0.0,0.39,0.0,0.8679,0.0,0.51,0.52,0.75,0.41,0.985,0.5,0.0,0.31,0.19,0.5,0.5,0.7,0.28,1.0,0.0,0.765,1.0,0.0
0.0,1.0,0.5,0.15,0.0,0.4,0.0,0.4607,0.0,1.0,0.58,0.75,0.3,0.865,0.5,0.0,0.14,0.37,0.5,0.5,0.81,0.33,1.0,0.0,0.605,1.0,0.0
0.0,1.0,0.5,0.15,0.0,0.45,0.27,0.3714,0.0,0.46,0.0,0.75,0.5,0.765,0.5,0.0,0.0,0.21,0.5,0.5,0.81,0.27,1.0,0.0,0.6,1.0,0.0
0.0,1.0,0.5,0.15,0.0,0.68,0.0,0.7536,0.0,1.0,0.35,0.75,0.37,0.725,0.5,0.0,0.03,0.14,0.5,0.5,0.81,0.2,1.0,0.0,0.57,1.0,0.0
0.0,1.0,0.5,0.15,0.0,0.53,0.0,0.7857,0.0,0.4,0.25,0.75,0.37,0.845,0.5,0.0,0.0,0.22,0.5,0.5,0.81,0.24,0.1107,0.0,0.46,1.0,0.0
0.0,1.0,0.5,0.15,0.0,0.47,0.0,0.55,0.0,1.0,0.7,0.75,0.5,0.83,0.5,0.0,0.0,0.27,0.5,0.5,0.81,0.23,0.0,0.0,0.63,1.0,0.0
0.0,1.0,0.5,0.15,0.0,0.38,0.0,0.5393,0.0,1.0,0.7,0.75,0.5,0.805,0.5,0.0,0.0,0.09,0.5,0.5,0.81,0.23,0.6714,0.0,0.61,1.0,0.0
0.0,1.0,0.5,0.0,0.0,0.66,0.0,0.8464,0.0,1.0,0.67,0.75,0.35,0.735,0.5,0.0,0.0,0.12,0.5,0.5,0.81,0.08,0.3321,0.0,0.665,1.0,0.0
0.0,1.0,0.5,0.0,0.05,0.0,0.0,0.8464,0.0,1.0,0.48,0.75,0.36,1.0,0.5,0.0,0.08,0.15,0.5,0.5,0.81,0.29,1.0,0.0,0.435,1.0,0.0
0.0,1.0,0.5,0.16,0.0,0.49,0.0,0.8464,0.0,1.0,0.48,0.75,0.36,0.73,0.5,0.0,0.08,0.0,0.5,0.5,0.81,0.29,0.3321,0.0,0.37,1.0,0.0
0.0,1.0,0.5,0.0,0.0,0.49,0.0,0.8464,0.0,1.0,0.48,0.75,0.36,0.735,0.5,0.0,0.08,0.2,0.5,0.5,0.81,0.29,0.3321,0.0,0.41,1.0,0.0
0.0,1.0,0.5,0.0,0.0,0.49,0.0,0.8464,0.0,1.0,0.48,0.75,0.36,0.78,0.5,0.0,0.08,0.22,0.5,0.5,0.81,0.29,0.3321,0.0,0.585,1.0,0.0
0.0,1.0,0.5,0.0,0.0,0.98,0.0,0.7607,0.0,1.0,0.55,0.25,1.0,0.79,0.5,0.0,0.0,0.03,0.5,0.5,0.81,0.27,0.8357,0.0,0.55,1.0,0.0
0.0,1.0,0.5,0.0,0.0,1.0,0.0,0.7321,0.0,0.26,0.42,0.0,0.48,0.725,0.5,0.0,0.28,0.19,0.5,0.5,0.81,0.08,0.7464,0.0,0.45,1.0,0.0
0.0,1.0,0.5,0.0,0.0,0.72,0.0,0.7321,0.0,1.0,0.29,0.75,0.98,0.805,0.5,0.0,0.0,0.23,0.5,0.5,0.81,0.24,0.7464,0.0,0.395,1.0,0.0
0.0,1.0,0.5,0.0,0.0,0.51,0.0,0.7286,0.0,1.0,0.32,0.75,0.49,0.715,0.5,0.0,0.29,0.14,0.5,0.5,0.81,0.33,0.7179,0.0,0.385,1.0,0.0
0.0,1.0,0.5,0.0,0.0,0.83,0.0,0.6286,0.0,0.0,0.54,1.0,0.46,0.78,0.5,0.0,0.0,0.22,0.5,0.5,0.78,0.22,1.0,0.0,0.46,1.0,0.0
0.0,1.0,0.5,0.0,0.0,0.5,0.0,0.7786,0.0,1.0,0.4,0.75,0.56,0.975,0.5,0.0,0.0,0.23,0.5,0.5,0.78,0.17,0.625,0.0,0.435,1.0,0.0
0.0,1.0,0.5,0.0,0.0,0.91,0.0,0.7786,0.0,1.0,0.4,0.75,0.56,0.88,0.5,0.0,0.0,0.22,0.5,0.5,0.78,0.17,0.625,0.0,0.575,1.0,0.0
0.0,1.0,0.5,0.0,0.0,0.3,0.0,0.675,0.0,0.74,0.5,0.75,0.49,1.0,0.5,0.0,0.0,0.3,0.5,0.5,0.4,0.26,0.5036,0.0,0.44,1.0,0.0
0.0,1.0,0.5,0.08,0.12,0.0,0.16,0.65,0.0,1.0,0.28,1.0,0.19,0.86,0.5,0.0,0.0,0.16,0.5,0.5,0.3,0.0,1.0,0.0,0.725,1.0,0.0
0.0,1.0,0.5,0.08,0.11,0.0,0.0,0.6643,0.0,1.0,0.09,1.0,0.15,0.995,0.5,0.0,0.0,0.25,0.5,0.5,0.3,0.27,0.7536,0.0,1.0,1.0,0.0
0.0,1.0,0.5,0.11,0.12,0.0,0.0,0.1,0.0,0.87,0.3,1.0,0.31,0.71,0.5,0.0,0.0,0.15,0.5,0.5,0.29,0.39,0.5071,0.0,0.55,1.0,0.0
0.0,1.0,0.5,0.08,0.02,0.22,0.0,0.7143,0.0,0.94,0.02,1.0,0.63,0.74,0.5,0.0,0.0,0.04,0.5,0.5,0.72,0.25,0.425,0.0,0.535,1.0,0.0
0.0,0.99,0.5,0.08,0.02,0.39,0.0,0.7143,0.0,0.43,0.25,0.75,0.9,0.96,0.5,0.0,0.0,0.0,0.5,0.5,0.72,0.25,0.425,0.0,0.74,1.0,0.0
0.0,1.0,0.5,0.08,0.0,0.02,0.0,0.6286,0.0,1.0,0.32,0.25,0.26,0.875,0.5,0.0,0.15,0.11,0.5,0.5,0.28,0.37,0.4964,0.0,0.575,1.0,0.0
0.0,1.0,0.5,0.08,0.0,0.31,0.03,0.0643,0.0,0.2,0.97,0.75,0.49,0.86,0.5,0.0,0.0,0.08,0.5,0.5,0.8,0.23,0.3464,0.0,0.38,1.0,0.0
0.0,1.0,0.5,0.08,0.0,0.43,0.74,0.5179,0.0,0.53,0.64,0.75,0.45,0.655,0.5,0.0,0.0,0.04,0.5,0.5,0.72,0.0,0.525,0.3333,0.535,1.0,0.0
0.0,1.0,0.5,0.08,0.0,0.15,0.25,0.5107,0.0,0.0,0.16,0.75,1.0,0.865,0.5,0.25,0.0,0.0,0.5,0.5,0.73,0.0,0.8429,0.3333,0.825,1.0,0.0
0.0,1.0,0.5,0.08,0.0,0.19,0.02,0.6821,0.0,0.0,0.16,0.75,1.0,1.0,0.5,0.25,0.0,0.13,0.5,0.5,0.83,0.0,0.8429,0.3333,0.475,1.0,0.0
0.0,1.0,0.5,0.08,0.0,0.19,0.0,0.6821,0.0,0.0,0.16,0.75,1.0,0.625,0.5,0.25,0.0,0.0,0.5,0.5,0.83,0.0,0.8429,0.3333,0.875,1.0,0.0
0.0,1.0,0.5,0.08,0.0,0.26,0.0,0.5357,0.0,0.95,0.16,0.75,0.2,0.885,0.5,0.25,0.0,0.16,0.5,0.5,0.74,0.32,0.7143,0.3333,0.605,1.0,0.0
0.0,1.0,0.5,0.08,0.0,0.17,0.0,0.4143,0.0,1.0,0.66,0.75,1.0,0.82,0.5,0.25,0.0,0.0,0.5,0.5,0.74,0.37,0.725,0.3333,0.535,1.0,0.0
0.0,1.0,0.5,0.08,0.0,0.58,0.0,0.6357,0.0,1.0,0.65,0.0,0.99,0.68,0.5,0.25,0.0,0.0,0.5,0.5,0.74,0.18,0.525,0.3333,0.575,1.0,0.0
0.0,1.0,0.5,0.08,0.0,0.62,0.2,0.7107,0.0,1.0,0.93,0.0,0.53,0.78,0.5,0.25,0.0,0.0,0.5,0.5,0.74,0.18,0.5071,0.3333,0.385,1.0,0.0
0.0,1.0,0.5,0.08,0.04,0.0,0.0,0.4929,0.0,1.0,1.0,0.0,0.25,0.705,0.5,0.0,0.0,0.21,0.5,0.0,0.51,0.37,1.0,1.0,0.395,1.0,0.0
0.0,1.0,0.5,0.08,0.06,0.26,0.15,0.8679,0.0,1.0,1.0,0.75,0.41,0.73,0.5,0.0,0.0,0.0,0.5,0.0,0.8,0.33,1.0,1.0,0.37,1.0,0.0
0.0,1.0,0.25,0.08,0.0,1.0,0.56,0.8929,0.0,1.0,0.93,0.5,0.71,0.76,0.5,0.0,0.0,0.0,0.5,0.5,0.8,0.0,1.0,1.0,0.165,1.0,0.0
0.0,1.0,0.5,0.08,0.02,0.0,0.0,0.7357,0.0,1.0,0.37,0.5,0.48,1.0,0.5,0.0,0.0,0.09,0.5,0.5,0.45,0.38,1.0,1.0,0.605,1.0,0.0
0.0,1.0,0.5,0.08,0.0,0.5,0.0,0.625,0.0,0.77,0.41,0.0,0.88,0.845,0.5,0.0,0.0,0.36,0.5,0.5,0.8,0.3,0.1571,0.0,0.51,1.0,0.0
0.0,1.0,0.5,0.17,0.1,0.0,0.04,0.6036,0.0,0.0,0.85,1.0,0.85,0.675,0.5,0.0,0.0,0.11,0.5,0.5,0.46,0.24,0.925,0.0,0.79,1.0,0.0
0.0,1.0,0.5,0.08,0.0,0.5,0.0,0.6107,0.0,0.95,0.7,0.75,1.0,0.98,0.5,0.25,0.0,0.11,0.5,0.5,0.83,0.36,0.8321,0.3333,0.53,1.0,0.0
0.0,1.0,0.5,0.08,0.0,0.98,0.0,0.7179,0.0,1.0,0.31,0.75,0.18,0.77,0.5,0.25,0.0,0.13,0.5,0.5,0.74,0.37,0.5357,0.3333,0.525,1.0,0.0
0.0,1.0,0.5,0.08,0.0,1.0,0.0,0.7179,0.0,0.0,0.9,0.25,0.46,0.855,0.5,0.25,0.0,0.28,0.5,0.5,0.74,0.37,0.5357,0.3333,0.38,1.0,0.0
0.0,1.0,0.5,0.08,0.0,0.69,0.0,0.6357,0.0,1.0,0.56,0.25,0.9,0.86,0.5,0.25,0.0,0.0,0.5,0.5,0.74,0.18,0.525,0.3333,0.34,1.0,0.0
0.0,1.0,0.5,0.08,0.0,0.5,0.0,0.6357,0.0,1.0,0.4,0.75,0.37,0.795,0.5,0.25,0.0,0.05,0.5,0.5,0.83,0.18,0.525,0.3333,0.49,1.0,0.0
0.0,1.0,0.5,0.08,0.0,0.53,0.0,0.6357,0.0,1.0,0.4,0.75,0.37,1.0,0.5,0.25,0.0,0.21,0.5,0.5,0.74,0.18,0.525,0.3333,0.0,1.0,0.0
0.0,1.0,0.5,0.0,0.0,0.43,0.0,0.5179,0.0,0.53,0.64,1.0,0.45,1.0,0.5,0.0,0.0,0.0,0.5,0.5,0.72,0.0,0.525,0.3333,0.74,1.0,0.0
0.0,1.0,0.5,0.08,0.0,0.0,0.0,0.7179,0.0,0.94,1.0,1.0,0.6,0.79,0.5,0.5,0.0,0.0,0.5,0.5,0.54,0.63,1.0,1.0,0.425,1.0,0.0
0.0,1.0,0.5,0.08,0.0,0.0,0.0,0.0,0.0,0.94,0.54,0.75,0.36,0.865,0.5,0.5,0.0,0.0,0.5,0.5,0.72,0.0,0.5036,1.0,0.39,1.0,0.0
0.0,1.0,0.5,0.08,0.0,0.0,0.0,0.0,0.0,0.94,0.0,1.0,0.49,1.0,0.5,0.5,0.0,0.0,0.5,0.5,0.54,0.48,0.3357,1.0,0.355,1.0,0.0
0.0,1.0,0.5,0.0,0.02,0.59,0.0,0.6071,0.0,1.0,0.52,0.75,0.1,1.0,0.5,0.25,0.0,0.09,0.5,0.5,0.73,0.0,1.0,0.3333,0.35,1.0,0.0
0.0,1.0,0.5,0.0,0.02,0.0,0.0,0.6071,0.0,1.0,0.0,0.75,0.1,0.815,0.5,0.25,0.0,0.0,0.5,0.5,0.73,0.3,1.0,0.3333,0.435,1.0,0.0
0.0,1.0,0.625,0.08,0.0,0.0,0.0,0.0,0.0,0.0,0.34,0.0,0.25,1.0,0.5,0.5,0.0,0.0,0.5,0.5,0.37,0.0,0.4893,1.0,0.495,1.0,0.0
0.0,1.0,0.5,0.08,0.02,0.52,0.25,0.7821,0.0,0.87,0.46,0.75,0.2,0.705,0.5,0.0,0.0,0.0,0.5,0.0,0.8,0.3,0.8607,0.0,0.5,1.0,0.0
0.0,1.0,0.5,0.08,0.02,0.54,0.0,0.825,0.0,0.51,0.67,0.75,0.21,0.85,0.5,0.0,0.0,0.0,0.5,0.0,0.8,0.25,0.7357,0.0,0.5,1.0,0.0
0.0,1.0,0.5,0.08,0.02,0.52,0.0,0.6036,0.0,0.0,0.0,0.75,0.05,0.825,0.5,0.0,0.0,0.0,0.5,0.0,0.8,0.25,0.8929,0.0,0.5,1.0,0.0
0.0,1.0,0.5,0.08,0.02,0.6,0.0,0.7357,0.0,0.89,0.5,0.5,0.33,0.735,0.5,0.0,0.0,0.12,0.5,0.0,0.8,0.25,0.8,0.0,0.5,1.0,0.0
0.0,1.0,0.5,0.08,0.02,0.54,0.0,0.825,0.0,0.51,0.67,0.75,0.21,0.65,0.5,0.0,0.0,0.0,0.5,0.0,0.8,0.25,0.7357,0.0,0.5,1.0,0.0
0.0,1.0,0.5729,0.08,0.02,0.49,0.0,0.4964,0.0,0.83,0.0,0.75,0.13,0.69,0.5,0.0,0.0,0.0,0.5,0.5,0.5,0.22,0.7429,0.0,0.5,1.0,0.0
0.0,1.0,0.5,0.08,0.02,0.34,0.0,0.4857,0.0,0.0,0.04,0.75,0.05,0.89,0.5,0.0,0.0,0.0,0.5,0.0,0.51,0.25,0.1857,0.0,0.5,1.0,0.0
0.0,1.0,0.6354,0.0,0.0,1.0,0.0,0.8357,0.0,0.0,0.76,0.75,0.51,0.96,0.5,0.25,0.0,0.13,0.5,0.5,0.61,0.31,1.0,0.0,0.5,1.0,0.0
0.0,1.0,0.4896,0.0,0.0,0.36,0.0,0.7607,0.0,0.77,0.61,0.75,0.21,0.87,0.5,0.25,0.0,0.17,0.5,0.5,0.73,0.31,0.9036,0.0,0.5,1.0,0.0
0.0,1.0,0.5,0.08,0.05,0.0,0.25,0.4857,0.0,0.0,0.0,0.75,0.05,0.885,0.5,0.0,0.0,0.0,0.5,0.5,0.8,0.25,0.6393,0.0,0.5,1.0,0.0
0.0,1.0,0.5,0.0,0.0,0.78,0.0,0.7464,0.0,1.0,0.25,0.25,0.65,1.0,0.5,0.25,0.0,0.0,0.5,0.5,0.78,0.26,0.6286,0.3333,0.27,1.0,0.0
0.0,1.0,0.4167,0.0,0.0,0.99,0.0,0.6107,0.0,0.77,0.18,0.75,1.0,1.0,0.5,0.25,0.47,0.0,0.5,0.5,0.78,0.3,0.6679,0.3333,0.43,1.0,0.0
0.0,1.0,0.625,0.0,0.0,0.71,0.0,0.6786,0.0,0.34,0.0,0.75,0.17,0.99,0.5,0.25,0.0,0.0,0.5,0.5,0.55,0.2,0.5071,1.0,0.5,1.0,0.0
0.0,1.0,0.7292,0.08,0.05,0.8,0.0,0.7571,0.0,0.0,0.0,0.75,0.49,1.0,0.5,0.0,0.0,0.0,0.5,0.5,0.8,0.43,0.9571,0.0,0.5,1.0,0.0
0.0,1.0,0.5,0.0,0.0,0.16,0.0,0.5857,0.0,1.0,0.54,0.25,0.66,0.87,0.5,0.25,0.0,0.0,0.5,0.5,0.78,0.26,0.4929,0.3333,0.345,1.0,0.0
0.0,1.0,0.5,0.08,0.0,0.7,0.0,0.8464,0.0,0.94,0.0,1.0,0.49,0.765,0.5,0.5,0.0,0.0,0.5,0.5,0.54,0.38,0.7107,1.0,0.325,1.0,0.0
0.0,1.0,0.5833,0.08,0.0,0.9,0.0,0.7107,0.0,0.94,0.0,1.0,0.36,0.73,0.5,0.5,0.0,0.0,0.5,0.5,0.72,0.48,0.8214,1.0,0.35,1.0,0.0
0.0,1.0,0.5,0.08,0.0,0.0,0.0,0.0,0.0,0.94,0.54,0.75,0.36,0.735,0.5,0.5,0.0,0.0,0.5,0.5,0.72,0.0,0.5036,1.0,0.01,1.0,0.0
0.0,1.0,0.6042,0.0,0.0,0.97,0.17,0.7607,0.0,0.37,0.39,0.75,0.22,1.0,0.5,0.0,0.0,0.0,0.5,0.0,0.8,0.36,0.7893,0.0,0.505,1.0,0.0
0.0,1.0,0.5,0.0,0.0,0.0,0.12,0.7607,0.0,0.37,0.39,0.75,0.22,1.0,0.5,0.0,0.0,0.0,0.5,0.0,0.8,0.36,0.7893,0.0,0.5,1.0,0.0
0.0,1.0,0.5,0.0,0.0,0.97,0.09,0.7607,0.0,0.37,0.39,0.75,0.22,1.0,0.5,0.0,0.0,0.0,0.5,0.0,0.8,0.36,0.7893,0.0,0.49,1.0,0.0
0.0,1.0,0.5833,0.0,0.0,1.0,0.11,0.7536,0.0,1.0,0.42,0.75,0.18,0.875,0.5,0.25,0.0,0.0,0.5,0.5,0.78,0.31,0.825,0.3333,0.5,1.0,0.0
0.0,1.0,0.5,0.0,0.0,1.0,0.0,0.7679,0.0,1.0,1.0,1.0,0.24,0.865,0.5,0.25,0.0,0.07,0.5,0.5,0.78,0.32,0.7857,0.3333,0.485,1.0,0.0
0.0,1.0,0.5,0.0,0.0,0.67,0.0,0.7679,0.0,1.0,0.4,1.0,0.22,1.0,0.5,0.25,0.0,0.09,0.5,0.5,0.78,0.29,0.7857,0.3333,0.5,1.0,0.0
0.0,1.0,0.5,0.0,0.0,0.68,0.0,0.7679,0.0,0.0,0.44,0.75,0.29,1.0,0.5,0.25,0.0,0.14,0.5,0.5,0.78,0.26,0.7857,0.3333,0.5,1.0,0.0
0.0,1.0,0.5,0.0,0.0,1.0,0.0,0.5857,0.0,1.0,0.54,0.25,0.4,0.84,0.5,0.25,0.62,0.0,0.5,0.5,0.78,0.26,0.4929,0.3333,0.5,1.0,0.0
0.0,1.0,0.5,0.0,0.0,0.0,0.0,0.7143,0.0,1.0,0.36,0.75,0.36,0.835,0.5,0.25,0.0,0.0,0.5,0.5,0.78,0.32,0.7071,0.3333,0.5,1.0,0.0
0.0,1.0,0.5,0.0,0.02,0.0,0.0,0.6107,0.0,1.0,0.11,0.75,0.1,0.94,0.5,0.25,0.0,0.0,0.5,0.5,0.73,0.02,1.0,0.3333,0.5,1.0,0.0
0.0,1.0,0.5,0.0,0.02,0.0,0.0,0.0,0.0,1.0,0.52,0.25,0.83,0.735,0.5,0.25,0.0,0.0,0.5,0.0,0.73,0.0,0.0,0.3333,0.5,1.0,0.0
0.0,1.0,0.5,0.0,0.02,1.0,0.0,0.7429,0.0,1.0,0.52,1.0,0.83,1.0,0.5,0.25,0.0,0.0,0.5,0.5,0.73,0.28,1.0,0.3333,0.495,1.0,0.0
0.0,1.0,0.5,0.0,0.02,0.0,0.0,0.0,0.0,1.0,0.52,1.0,0.83,1.0,0.5,0.25,0.0,0.0,0.5,0.0,0.73,0.28,0.0,0.3333,0.5,1.0,0.0
0.0,1.0,0.5,0.03,0.0,0.0,0.0,0.0,0.0,0.0,0.0,0.0,0.65,0.84,0.5,0.0,0.0,0.0,0.5,0.5,0.54,0.32,1.0,0.0,0.345,1.0,0.0
0.0,1.0,0.4167,0.03,0.09,0.0,0.0,0.0,0.0,0.99,0.95,0.75,1.0,1.0,0.5,0.0,0.0,0.07,0.5,0.5,0.61,0.29,1.0,0.0,0.455,1.0,0.0
0.0,1.0,0.4375,0.03,0.09,0.0,0.0,0.0,0.0,0.99,0.95,0.75,1.0,1.0,0.5,0.0,0.0,0.0,0.5,0.5,0.61,0.46,1.0,0.0,0.39,1.0,0.0
0.0,1.0,0.5,0.03,0.13,0.0,0.0,0.0,0.0,0.0,0.0,0.0,0.13,0.98,0.5,0.0,0.0,0.0,0.5,0.5,0.73,0.26,0.0,0.0,0.505,1.0,0.0
0.0,1.0,0.4583,0.03,0.0,0.0,0.0,0.8357,0.0,0.0,0.0,0.0,0.13,0.75,0.5,0.0,0.0,0.0,0.5,0.5,0.67,0.49,0.9821,0.0,0.495,1.0,0.0
0.0,1.0,0.5,0.03,0.0,0.0,0.0,0.8357,0.0,0.0,0.0,0.0,0.13,0.83,0.5,0.0,0.0,0.21,0.5,1.0,0.67,0.59,0.9821,0.0,0.46,1.0,0.0
0.0,1.0,0.5,0.03,0.0,0.0,0.0,0.8357,0.0,0.0,0.0,0.0,0.13,1.0,0.5,0.0,0.0,0.0,0.5,0.5,0.67,0.6,0.9821,0.0,0.345,1.0,0.0
0.0,1.0,0.5,0.03,0.0,0.0,0.0,0.8357,0.0,0.0,0.0,0.0,0.13,0.85,0.5,0.0,0.0,0.0,0.5,0.5,0.67,0.45,0.9821,0.0,0.615,1.0,0.0
0.0,1.0,0.5,0.03,0.0,0.0,0.0,0.0,0.0,0.0,0.0,0.0,0.13,0.86,0.5,0.0,0.0,0.0,0.5,0.5,0.67,0.51,1.0,0.0,0.475,1.0,0.0
0.0,1.0,0.5625,0.03,0.0,0.0,0.0,0.0,0.0,0.0,0.0,0.0,0.13,0.995,0.5,0.0,0.0,0.0,0.5,0.5,0.67,0.49,1.0,0.0,0.43,1.0,0.0
0.0,1.0,0.5,0.08,0.0,0.0,0.0,0.0,0.0,0.0,0.0,0.0,0.13,0.995,0.5,0.0,0.0,0.1,0.5,0.5,0.67,0.39,1.0,0.0,0.595,1.0,0.0
0.0,1.0,0.5,0.0,0.02,0.0,0.0,0.0,0.0,0.71,0.64,0.75,0.16,1.0,0.5,0.5,0.0,0.0,0.5,0.5,0.44,0.25,0.2429,1.0,0.615,1.0,0.0
0.0,1.0,0.3958,0.0,0.02,0.0,0.0,0.0,0.0,0.71,0.28,0.75,0.31,1.0,0.5,0.5,0.0,0.2,0.5,0.5,0.24,0.0,0.1321,1.0,0.5,1.0,0.0
0.0,1.0,0.4479,0.03,0.17,0.0,0.0,0.0,0.0,0.0,0.0,0.0,0.65,0.735,0.5,0.0,0.0,0.0,0.5,0.5,0.69,0.56,0.5071,0.0,0.255,1.0,0.0
0.0,1.0,0.5,0.0,0.02,0.0,0.0,0.0,0.0,1.0,0.11,0.75,0.1,0.85,0.5,0.25,0.0,0.15,0.5,1.0,0.73,0.35,0.4929,0.3333,0.485,1.0,0.0
0.0,1.0,0.4375,0.11,0.02,1.0,0.0,0.7679,0.0,0.06,0.53,0.75,0.89,0.83,0.5,0.0,0.0,0.2,0.5,0.5,0.78,0.3,1.0,0.0,0.41,1.0,0.0
0.0,1.0,0.4583,0.0,0.02,0.0,0.0,0.6107,0.0,1.0,0.11,0.75,0.1,0.775,0.5,0.25,0.0,0.0,0.5,0.5,0.73,0.3,1.0,0.3333,0.5,1.0,0.0
0.0,1.0,0.5,0.08,0.02,0.18,0.0,0.4964,0.0,0.83,0.36,0.75,0.12,0.705,0.5,0.0,0.0,0.0,0.5,0.5,0.5,0.55,0.3643,0.0,0.5,1.0,0.0
0.0,1.0,0.5,0.07,0.06,0.0,0.0,0.3607,0.0,1.0,0.69,0.75,0.18,0.74,0.5,0.0,0.0,0.0,0.5,0.5,0.72,0.13,1.0,0.0,0.5,1.0,0.0
0.0,1.0,0.4375,0.03,0.0,0.0,0.0,0.8357,0.0,0.0,0.0,0.0,0.13,1.0,0.5,0.0,0.0,0.0,0.5,0.5,0.67,0.6,0.9821,0.0,0.285,1.0,0.0
0.0,1.0,0.5938,0.03,0.0,0.0,0.0,0.0,0.0,0.0,0.0,0.0,0.65,0.78,0.5,0.0,0.0,0.0,0.5,0.5,0.69,0.68,1.0,0.0,0.405,1.0,0.0
0.0,1.0,0.5,0.03,0.03,0.0,0.0,0.0,0.0,0.0,0.0,0.0,0.65,0.985,0.5,0.0,0.0,0.14,0.5,0.0,0.51,0.75,1.0,0.0,0.0,1.0,0.0
0.0,1.0,0.5625,0.04,0.09,0.59,0.0,0.8857,0.0,0.99,0.95,0.75,1.0,1.0,0.5,0.0,0.0,0.0,0.5,0.5,0.61,0.29,1.0,0.0,0.5,1.0,0.0
0.0,1.0,0.5,0.08,0.0,0.0,0.0,0.0,0.0,0.0,0.15,0.75,0.1,0.885,0.5,0.0,0.0,0.0,0.5,0.0,0.75,0.06,0.5571,0.3333,0.64,1.0,0.0
0.0,1.0,0.5,0.0,0.02,0.0,0.0,0.0,0.0,1.0,0.52,0.25,0.83,0.775,0.5,0.25,0.0,0.0,0.5,0.0,0.73,0.0,1.0,0.3333,0.765,1.0,0.0
0.0,1.0,0.4688,0.04,0.0,0.0,0.0,0.0,0.0,0.0,0.0,0.75,0.05,1.0,0.5,0.0,0.0,0.07,0.5,0.5,0.3,0.25,0.4929,0.3333,0.145,1.0,0.0
0.0,1.0,0.5,0.1,0.08,0.94,0.0,0.5714,0.0,0.0,1.0,0.5,1.0,0.23,0.5,0.0,0.0,0.0,1.0,0.0,0.82,0.34,0.0,0.6667,0.505,1.0,0.0
0.0,1.0,0.5,0.08,0.02,0.7,0.0,0.6571,0.0,1.0,0.53,0.75,0.42,0.775,0.5,0.0,0.22,0.19,0.5,0.5,0.74,0.2,0.675,0.0,0.575,1.0,0.0
0.0,1.0,0.5,0.08,0.02,0.76,0.0,0.6929,0.0,0.5,0.5,0.75,0.21,0.77,0.5,0.0,0.0,0.19,0.5,0.5,0.36,0.2,0.7607,0.0,0.64,1.0,0.0
0.0,1.0,0.5,0.08,0.02,0.78,0.0,0.4286,0.0,0.72,0.39,0.75,0.35,0.845,0.5,0.0,0.0,0.32,0.5,0.5,0.55,0.06,0.8571,0.0,0.605,1.0,0.0
0.0,1.0,0.5,0.14,0.15,0.39,0.17,0.75,0.0,0.72,0.66,0.75,0.22,0.73,0.5,0.0,0.0,0.19,0.5,0.5,0.65,0.39,0.1679,0.0,0.555,1.0,0.0
0.0,1.0,0.5,0.14,0.15,0.72,0.17,0.65,0.0,0.33,0.38,0.75,0.84,0.855,0.5,0.0,0.0,0.25,0.5,0.5,0.72,0.54,0.7464,0.0,0.65,1.0,0.0
0.0,1.0,0.5,0.08,0.02,1.0,0.36,0.5107,0.0,1.0,0.33,0.75,0.36,0.9,0.5,0.0,0.0,0.29,0.5,0.5,0.69,0.27,0.5036,0.0,0.5,1.0,0.0
0.0,1.0,0.4688,0.03,0.09,0.0,0.0,0.0,0.0,0.0,0.0,0.0,0.13,0.0,0.5,0.0,0.0,0.24,0.5,0.5,0.5,0.77,1.0,0.0,0.205,1.0,0.0
0.0,1.0,0.5,0.03,0.0,0.0,0.0,0.0,0.0,0.0,0.0,0.0,0.13,0.995,0.5,0.0,0.0,0.0,0.5,0.5,0.67,0.62,1.0,0.0,0.23,1.0,0.0
0.0,1.0,0.4375,0.03,0.0,0.0,0.0,0.0,0.0,0.0,0.0,0.0,0.13,1.0,0.5,0.0,0.0,0.11,0.5,0.5,0.42,0.4,1.0,0.0,0.375,1.0,0.0
0.0,1.0,0.5521,0.03,0.11,0.0,0.0,0.0,0.0,0.0,0.0,0.0,0.13,1.0,0.5,0.0,0.0,0.0,0.5,0.0,0.42,0.34,1.0,0.0,0.5,1.0,0.0
0.0,1.0,0.4375,0.03,0.11,0.0,0.0,0.0,0.0,0.0,0.0,0.0,0.13,1.0,0.5,0.0,0.0,0.0,0.5,0.5,0.42,0.37,1.0,0.0,0.505,1.0,0.0
0.0,1.0,0.5,0.0,0.02,0.85,0.0,0.6393,0.0,1.0,0.98,0.0,0.29,0.8,0.5,0.25,0.0,0.36,0.5,0.5,0.05,0.4,1.0,0.3333,0.66,1.0,0.0
0.0,1.0,0.5,0.03,0.0,0.0,0.0,0.0,0.0,0.0,0.0,0.0,0.65,0.735,0.5,0.0,0.0,0.0,0.5,0.5,0.49,0.5,1.0,0.0,0.145,1.0,0.0
0.0,1.0,0.5,0.0,0.11,0.63,0.0,0.6036,0.0,0.79,0.46,0.75,0.24,0.89,0.5,0.0,0.0,0.26,0.5,0.5,0.78,0.17,0.9607,0.0,0.55,1.0,0.0
0.0,1.0,0.5,0.0,0.11,0.6,0.28,0.6036,0.0,0.0,0.54,0.25,0.52,0.89,0.5,0.0,0.0,0.2,0.5,0.5,0.78,0.2,0.9607,0.0,0.47,1.0,0.0
0.0,1.0,0.5,0.08,0.0,1.0,0.0,0.6536,0.0,0.0,0.76,0.75,1.0,0.97,0.5,0.0,0.0,0.18,0.5,0.5,0.6,0.24,1.0,0.0,0.405,1.0,0.0
0.0,1.0,0.5521,0.08,0.0,0.71,0.0,0.7964,1.0,0.87,0.67,1.0,0.22,1.0,0.5,0.0,0.0,0.27,0.0,0.5,0.6,0.2,0.8893,0.0,0.645,1.0,0.0
0.0,1.0,0.5,0.08,0.1,0.52,0.0,0.7071,0.0,0.47,1.0,0.75,0.4,0.675,0.5,0.0,0.0,0.12,0.5,0.5,0.76,0.18,0.525,0.0,0.38,1.0,0.0
0.0,1.0,0.5,0.08,0.0,0.56,0.0,0.7071,0.0,0.39,0.5,0.5,0.21,1.0,0.5,0.0,0.0,0.17,0.5,0.5,0.76,0.33,0.525,0.0,0.555,1.0,0.0
0.0,1.0,0.3438,0.08,0.0,0.0,0.0,0.7429,0.0,1.0,1.0,0.75,0.28,1.0,0.5,0.0,0.61,0.1,0.5,0.5,0.71,0.28,0.8393,0.0,0.395,1.0,0.0
0.0,1.0,0.5,0.08,0.0,0.5,0.0,0.875,0.0,1.0,0.59,0.75,0.39,1.0,0.5,0.0,0.0,0.08,0.5,0.5,0.76,0.14,0.4,0.0,0.585,1.0,0.0
0.0,1.0,0.5312,0.08,0.0,0.58,0.0,0.6393,0.0,0.92,0.82,0.25,0.79,0.775,0.5,0.0,0.47,0.18,0.5,0.5,0.77,0.59,1.0,0.0,0.595,1.0,0.0
0.0,1.0,0.5729,0.0,0.0,0.53,0.0,0.7643,0.0,0.0,0.0,0.75,0.31,0.995,0.5,0.25,0.0,0.06,0.5,0.5,0.73,0.31,1.0,0.3333,0.435,1.0,0.0
0.0,1.0,0.5,0.08,0.14,0.0,0.0,0.6679,0.0,0.43,0.56,1.0,1.0,1.0,0.5,0.0,0.0,0.06,0.5,0.5,0.77,0.22,0.3286,0.0,0.32,1.0,0.0
0.0,1.0,0.4271,0.0,0.11,0.4,0.48,0.6786,0.0,1.0,0.52,0.75,0.26,0.745,0.5,0.0,0.0,0.0,0.5,0.5,0.71,0.3,1.0,0.0,0.345,1.0,0.0
0.0,1.0,0.5,0.08,0.02,0.0,0.25,0.7893,0.0,1.0,0.66,0.75,0.96,0.99,0.5,0.0,0.65,0.0,0.5,0.5,0.8,0.25,0.4607,0.0,0.64,1.0,0.0
0.0,1.0,0.375,0.03,0.08,0.0,0.0,0.0,0.0,0.0,0.0,0.0,0.65,0.715,0.5,0.0,0.0,0.0,0.5,0.5,0.29,1.0,1.0,0.0,0.235,1.0,0.0
0.0,1.0,0.375,0.05,0.0,1.0,0.32,0.7857,0.0,0.0,0.97,0.75,0.94,0.0,0.5,1.0,0.95,0.0,0.0,1.0,0.95,0.13,0.0,0.0,0.745,1.0,0.0
0.0,1.0,0.6146,0.0,0.0,0.0,0.0,0.8143,1.0,1.0,0.67,1.0,0.24,0.5,0.5,0.0,0.0,0.0,1.0,0.5,0.8,0.0,0.7464,0.0,0.5,1.0,0.0
0.0,1.0,0.9583,0.08,0.0,0.73,0.0,0.8179,1.0,0.8,0.19,0.0,0.52,0.685,0.5,0.0,0.0,0.0,0.5,0.5,0.93,0.44,0.9286,0.0,0.5,1.0,0.0
0.0,1.0,0.5625,0.08,0.0,0.99,0.43,0.2464,1.0,0.38,0.52,1.0,0.86,0.855,0.5,0.0,0.0,0.0,1.0,0.5,0.72,0.29,0.925,0.0,0.205,1.0,0.0
0.0,1.0,0.75,0.09,0.0,0.74,0.0,0.7143,1.0,1.0,0.73,0.0,0.75,1.0,0.5,0.0,0.0,0.0,1.0,0.5,0.85,0.29,0.7571,0.0,0.0,1.0,0.0
0.0,1.0,0.7083,0.06,0.02,0.85,0.0,0.6643,1.0,0.33,1.0,0.0,0.49,0.185,1.0,0.0,0.07,1.0,1.0,0.5,0.7,0.31,0.8143,0.3333,1.0,1.0,0.0
0.0,1.0,0.8333,0.08,0.0,0.8,0.0,0.8071,1.0,1.0,0.42,0.0,0.85,0.57,0.5,0.0,0.0,0.36,0.5,0.5,0.75,0.25,0.7821,0.0,0.565,1.0,0.0
0.0,1.0,0.7083,0.08,0.0,0.76,0.0,0.8071,1.0,1.0,0.42,0.0,0.85,0.62,0.5,0.0,0.0,0.99,1.0,0.5,0.75,0.25,0.7821,0.0,1.0,1.0,0.0
0.0,1.0,0.6458,0.0,0.0,0.5,0.0,0.2107,1.0,1.0,1.0,0.75,0.53,0.18,1.0,0.0,0.0,1.0,1.0,0.5,0.81,0.01,0.9321,0.3333,0.5,1.0,0.0
0.0,1.0,0.5625,0.0,0.0,0.31,0.0,0.2786,1.0,1.0,0.95,0.5,1.0,0.5,0.0,0.0,0.5,0.0,1.0,0.5,0.81,0.0,0.7929,0.6667,0.0,1.0,0.0
0.0,1.0,0.5417,0.0,0.0,0.5,0.0,0.6821,1.0,0.37,0.52,0.75,0.57,0.865,1.0,0.0,0.0,0.98,1.0,0.5,0.8,0.17,0.725,0.3333,0.5,1.0,0.0
0.0,1.0,0.5833,0.0,0.0,1.0,0.0,0.7107,1.0,0.75,0.82,0.75,0.31,0.0,0.5,0.0,0.14,0.0,1.0,0.5,0.8,0.17,0.6071,0.0,0.915,1.0,0.0
0.0,1.0,0.8333,0.08,0.0,0.86,0.0,0.7643,1.0,0.0,0.62,0.0,0.8,0.74,0.5,0.0,0.0,0.28,0.5,0.5,0.81,0.56,0.9786,0.0,0.32,1.0,0.0
0.0,1.0,0.875,0.08,0.0,1.0,0.0,0.7071,1.0,1.0,0.34,0.0,0.92,1.0,0.5,0.0,0.0,0.0,0.5,0.5,0.71,0.29,0.9,0.0,0.4,1.0,0.0
0.0,1.0,0.75,0.06,0.02,1.0,0.0,0.7179,1.0,0.0,0.0,0.75,0.03,1.0,0.5,0.0,0.0,0.0,1.0,0.5,0.69,0.25,0.725,0.0,0.555,1.0,0.0
0.0,1.0,0.7292,0.08,0.0,0.68,0.0,0.7679,1.0,1.0,0.65,1.0,0.3,0.58,0.5,0.0,0.0,0.0,1.0,0.5,0.57,0.1,0.8071,0.0,0.5,1.0,0.0
0.0,1.0,0.8125,0.08,0.0,0.38,0.0,0.8071,1.0,1.0,0.86,1.0,0.2,0.67,0.5,0.0,0.4,1.0,1.0,0.5,0.75,0.25,0.7821,0.0,0.82,1.0,0.0
0.0,1.0,0.6667,0.06,0.02,0.49,0.0,0.7179,1.0,0.74,1.0,0.5,0.97,0.875,0.5,0.0,0.0,0.0,0.5,0.5,0.69,0.25,0.725,0.0,0.625,1.0,0.0
0.0,1.0,0.6979,0.08,0.02,0.39,0.25,0.7179,1.0,0.74,0.41,0.0,0.08,0.685,0.5,0.0,0.55,0.0,1.0,0.5,0.8,0.25,0.725,0.0,0.5,1.0,0.0
0.0,1.0,0.875,0.08,0.0,0.63,0.0,0.8071,1.0,1.0,0.24,0.0,0.81,0.96,0.5,0.0,0.49,0.0,0.5,0.5,0.76,0.27,0.7821,0.0,0.57,1.0,0.0
0.0,1.0,0.6667,0.08,0.0,0.6,0.0,0.85,1.0,1.0,0.64,0.0,0.81,0.615,0.5,0.0,0.0,0.0,1.0,0.5,0.84,0.27,0.6643,0.0,0.5,1.0,0.0
0.0,1.0,0.8229,0.08,0.0,0.42,0.0,0.7107,1.0,0.83,0.58,0.75,0.48,0.8,0.5,0.0,0.0,0.45,0.5,0.5,0.51,0.27,0.775,0.0,0.5,1.0,0.0
0.0,1.0,0.7396,0.0,0.0,0.56,0.0,0.7071,1.0,0.39,0.62,1.0,0.21,0.595,0.5,0.0,0.0,0.0,1.0,0.5,0.76,0.39,0.525,0.0,0.5,1.0,0.0
0.0,1.0,0.6771,0.0,0.0,0.35,0.0,0.6107,1.0,0.47,1.0,0.0,0.18,0.085,1.0,0.0,0.0,0.0,1.0,0.5,0.84,0.25,0.9929,0.0,0.5,1.0,0.0
0.0,1.0,0.75,0.08,0.0,0.3,0.0,0.7679,1.0,0.49,0.65,0.0,0.34,0.575,0.5,0.0,0.0,0.51,1.0,0.5,0.57,0.1,0.8071,0.0,0.5,1.0,0.0
0.0,1.0,0.4896,0.08,0.0,0.49,0.0,0.8071,1.0,1.0,0.36,0.0,0.81,0.5,0.5,0.0,0.0,0.0,1.0,0.5,0.76,0.27,0.7821,0.0,0.5,1.0,0.0
0.0,1.0,0.7083,0.06,0.02,0.77,0.0,0.7179,1.0,0.0,1.0,0.75,0.96,0.5,0.5,0.0,0.0,0.0,0.5,0.5,0.69,0.25,0.725,0.0,0.5,1.0,0.0
0.0,1.0,0.8125,0.06,0.02,0.36,0.0,0.7179,1.0,0.0,1.0,0.75,0.96,0.34,1.0,0.0,0.0,0.0,0.5,0.5,0.69,0.25,0.725,0.0,0.5,1.0,0.0
0.0,1.0,0.6562,0.0,0.0,0.55,0.0,0.675,1.0,0.0,0.51,1.0,0.71,0.5,0.5,0.0,0.0,0.0,1.0,0.5,0.81,0.0,0.5071,0.0,0.5,1.0,0.0
0.0,1.0,0.5,0.0,0.0,0.51,0.0,0.7714,1.0,0.0,0.51,0.75,0.93,0.75,0.5,0.0,0.0,0.0,1.0,0.5,0.84,0.16,0.9786,0.0,0.74,1.0,0.0
0.0,1.0,0.8542,0.08,0.0,0.28,0.0,0.7107,1.0,0.83,0.57,0.75,0.49,0.0,0.5,0.0,0.0,0.84,0.5,0.5,0.51,0.26,0.775,0.0,0.5,1.0,0.0
0.0,1.0,0.75,0.06,0.02,0.27,0.0,0.6821,1.0,1.0,0.76,0.75,1.0,0.7,0.5,0.0,0.5,0.0,1.0,0.5,0.69,0.44,1.0,0.0,0.0,1.0,0.0
0.0,1.0,0.625,0.06,0.02,0.86,0.0,0.6714,1.0,1.0,0.76,0.75,1.0,1.0,0.5,0.0,0.0,0.0,1.0,1.0,0.7,0.31,1.0,0.0,0.175,1.0,0.0
0.0,1.0,0.5417,0.08,0.0,0.21,0.0,0.8071,1.0,1.0,0.42,0.0,0.83,0.655,0.5,0.0,0.0,0.34,0.5,0.5,0.75,0.25,0.7821,0.0,0.385,1.0,0.0
0.0,1.0,0.6667,0.0,0.0,0.75,0.0,0.7107,1.0,0.0,0.37,1.0,0.32,0.725,0.5,0.0,0.0,0.88,1.0,0.5,0.8,0.31,0.6071,0.0,0.18,1.0,0.0
0.0,1.0,0.9688,0.06,0.02,0.22,0.0,0.7179,1.0,0.74,0.41,0.75,1.0,0.8,0.5,0.0,0.11,0.0,0.5,0.5,0.8,0.25,0.725,0.0,0.495,1.0,0.0
0.0,0.99,0.5833,0.0,0.0,0.5,0.0,0.8321,1.0,0.5,0.72,0.75,0.5,0.26,1.0,0.0,0.0,0.33,1.0,0.5,0.81,0.0,1.0,0.3333,0.5,1.0,0.0
0.0,1.0,0.5312,0.0,0.0,1.0,0.0,0.6929,1.0,0.96,0.54,0.75,0.75,1.0,0.5,0.0,0.63,0.25,1.0,0.5,0.8,0.38,0.9571,0.0,0.655,1.0,0.0
0.0,1.0,0.5625,0.0,0.0,0.89,0.0,0.7857,1.0,0.0,0.99,0.0,0.08,0.0,0.5,0.0,0.0,0.0,1.0,0.5,0.8,0.55,1.0,0.0,0.865,1.0,0.0
0.0,1.0,0.8125,0.08,0.0,0.52,0.0,0.8,1.0,0.83,0.57,0.75,0.49,0.5,0.5,0.0,0.0,0.0,0.5,0.5,0.84,0.26,1.0,0.0,0.5,1.0,0.0
0.0,1.0,0.5417,0.0,0.0,0.5,0.0,0.7679,1.0,0.0,0.0,0.5,0.0,0.5,0.5,0.0,0.0,0.0,1.0,0.5,0.81,0.18,0.0,0.0,0.5,1.0,0.0
0.0,1.0,0.5,0.0,0.0,0.5,0.0,0.4964,1.0,0.47,1.0,0.0,0.0,0.595,0.5,0.0,0.0,0.74,0.5,0.5,0.71,0.12,0.5,0.0,0.5,1.0,0.0
0.0,1.0,0.4479,0.0,0.0,0.68,0.0,0.5964,1.0,1.0,0.75,0.75,0.15,0.635,0.5,0.0,0.0,0.64,1.0,1.0,0.71,0.12,0.8,0.0,0.5,1.0,0.0
0.0,1.0,0.5938,0.0,0.0,0.5,0.0,0.7321,1.0,1.0,0.47,0.75,0.15,0.64,0.5,0.0,0.0,0.1,1.0,0.5,0.71,0.12,1.0,0.0,0.5,1.0,0.0
0.0,1.0,0.7292,0.0,0.0,0.5,0.0,0.7,1.0,1.0,0.23,0.75,0.23,0.6,0.5,0.0,0.0,0.22,1.0,0.5,0.71,0.23,1.0,0.0,0.5,1.0,0.0
0.0,1.0,0.6667,0.0,0.0,0.49,0.0,0.7929,1.0,0.0,0.28,0.75,0.03,0.555,0.5,0.0,0.0,0.25,0.5,1.0,0.71,0.23,0.4643,0.0,0.5,1.0,0.0
0.0,1.0,0.8958,0.0,0.0,0.67,0.0,0.725,1.0,0.93,1.0,0.25,0.03,0.655,0.5,0.0,0.0,0.48,1.0,0.5,0.79,0.39,1.0,0.0,0.21,1.0,0.0
0.0,1.0,0.75,0.0,0.0,0.32,0.0,0.8357,1.0,0.93,0.63,0.25,0.16,0.5,0.5,0.0,0.0,0.14,1.0,1.0,0.79,0.46,0.925,0.0,0.5,1.0,0.0
0.0,1.0,0.8333,0.0,0.0,0.75,0.0,0.775,1.0,0.97,0.28,1.0,0.07,0.6,0.5,0.0,0.0,0.27,1.0,1.0,0.79,0.4,0.7857,0.0,0.5,1.0,0.0
0.0,1.0,0.8229,0.0,0.0,0.85,0.0,0.775,1.0,0.5,0.68,0.75,0.5,0.7,0.5,0.0,0.9,0.15,1.0,0.5,0.79,0.37,0.7857,0.0,0.25,1.0,0.0
0.0,1.0,0.8333,0.0,0.0,1.0,0.0,0.775,1.0,0.48,0.68,0.75,0.5,0.85,0.5,0.0,0.9,0.33,1.0,0.5,0.79,0.29,0.7857,0.0,0.475,1.0,0.0
0.0,1.0,0.6042,0.0,0.0,0.44,0.0,0.1821,1.0,1.0,0.16,0.75,0.09,0.655,0.5,0.0,0.0,0.33,1.0,1.0,0.61,0.0,0.8643,0.0,0.375,1.0,0.0
0.0,1.0,0.7812,0.0,0.0,0.66,0.0,0.4714,1.0,1.0,1.0,0.0,1.0,0.99,0.5,0.0,0.0,1.0,1.0,1.0,0.73,0.37,0.8929,0.0,0.0,1.0,0.0
0.0,1.0,0.8333,0.0,0.0,0.5,0.0,0.775,1.0,0.49,0.41,0.5,0.43,1.0,0.5,0.0,0.25,0.47,1.0,1.0,0.73,0.4,0.9464,0.0,0.0,1.0,0.0
0.0,1.0,0.7083,0.0,0.0,0.5,0.0,0.5786,1.0,0.49,0.41,0.5,0.06,0.675,0.5,0.0,0.0,1.0,1.0,0.5,0.73,0.21,0.9464,0.0,0.5,1.0,0.0
0.0,1.0,0.6042,0.0,0.0,0.67,0.0,0.825,1.0,1.0,0.79,0.75,0.15,0.615,0.5,0.0,0.0,0.0,1.0,0.5,0.73,0.54,0.6286,0.0,0.65,1.0,0.0
0.0,1.0,0.6458,0.0,0.0,0.49,0.0,0.8143,1.0,0.5,0.6,1.0,0.4,0.895,0.5,0.0,0.0,0.25,1.0,0.5,0.79,0.15,0.4964,0.0,0.305,1.0,0.0
0.0,1.0,1.0,0.0,0.0,0.34,0.0,0.0643,1.0,0.99,1.0,0.0,0.99,0.665,0.5,0.0,0.3,0.0,1.0,0.5,0.73,0.5,1.0,0.0,0.5,1.0,0.0
0.0,1.0,0.9688,0.0,0.0,1.0,0.0,0.85,1.0,0.43,1.0,0.0,0.87,0.14,0.5,0.0,0.85,0.0,1.0,0.5,0.83,0.45,0.725,0.0,0.5,1.0,0.0
0.0,1.0,0.7917,0.0,0.0,0.72,0.0,0.9,1.0,1.0,1.0,0.0,0.27,0.625,0.5,0.0,0.0,0.78,1.0,0.5,0.83,0.31,0.4464,0.0,0.5,1.0,0.0
0.0,1.0,0.6667,0.0,0.0,0.67,0.0,0.9179,1.0,0.48,1.0,0.0,0.37,0.59,0.5,0.0,0.0,0.0,1.0,0.5,0.83,0.31,0.8143,0.0,0.5,1.0,0.0
0.0,1.0,0.8333,0.0,0.0,1.0,0.0,0.5357,1.0,1.0,1.0,0.0,0.28,0.675,0.5,0.0,0.0,0.28,0.5,0.0,0.8,0.23,0.2143,1.0,0.125,1.0,0.0
0.0,1.0,0.7083,0.0,0.0,0.84,0.0,0.5357,1.0,1.0,1.0,0.25,0.69,0.36,0.5,0.0,0.7,0.0,0.5,0.0,0.8,0.39,0.2143,1.0,0.72,1.0,0.0
0.0,1.0,1.0,0.0,0.0,0.77,0.0,0.7607,1.0,0.09,0.59,0.75,0.85,0.745,0.5,0.0,0.0,0.0,0.5,0.5,0.8,0.32,0.3179,1.0,0.375,1.0,0.0
0.0,1.0,0.9167,0.0,0.0,1.0,0.0,0.7643,1.0,0.09,0.59,0.75,0.85,0.66,0.5,0.0,0.0,0.29,0.5,0.0,0.8,0.32,0.4036,1.0,0.5,1.0,0.0
0.0,1.0,0.8021,0.0,0.0,0.5,0.0,0.7286,1.0,1.0,1.0,0.25,0.48,0.7,0.5,0.0,0.0,0.23,1.0,0.0,0.8,0.3,0.2429,1.0,0.28,1.0,0.0
0.0,1.0,0.7083,0.0,0.0,0.5,0.0,0.625,1.0,0.77,0.41,0.0,0.88,0.555,0.5,0.0,0.0,0.25,0.5,0.5,0.8,0.3,0.1571,0.0,0.19,1.0,0.0
0.0,1.0,0.9583,0.0,0.0,0.84,0.0,0.825,1.0,0.0,0.85,1.0,0.85,0.775,0.0,0.0,0.0,0.72,1.0,0.5,0.8,0.47,0.95,0.0,0.105,1.0,0.0
0.0,1.0,1.0,0.0,0.0,0.79,0.0,0.9464,1.0,1.0,1.0,0.75,0.68,0.61,0.5,0.0,0.0,0.0,1.0,1.0,0.8,0.22,0.0,0.0,0.295,1.0,0.0
0.0,1.0,0.875,0.0,0.0,0.48,0.0,0.7036,1.0,0.18,0.76,0.75,0.65,0.765,0.0,0.0,0.0,0.87,1.0,1.0,0.8,0.23,0.1643,0.0,0.195,1.0,0.0
0.0,1.0,0.5833,0.0,0.0,0.31,0.0,0.0679,1.0,0.2,0.97,0.75,0.99,0.52,0.5,0.0,0.0,0.0,1.0,0.5,0.8,0.23,0.0,0.0,0.555,1.0,0.0
0.0,1.0,0.6042,0.0,0.0,0.73,0.0,0.075,1.0,0.87,0.97,1.0,0.6,0.855,1.0,0.0,0.65,0.0,1.0,0.5,0.83,0.39,0.55,0.0,0.225,1.0,0.0
0.0,1.0,0.8854,0.0,0.0,0.62,0.0,0.125,1.0,0.97,0.97,0.75,0.18,0.63,0.5,0.0,0.0,0.37,1.0,0.5,0.83,0.27,0.5821,0.3333,0.34,1.0,0.0
0.0,1.0,0.625,0.0,0.0,0.6,0.0,0.1,1.0,0.97,0.97,0.75,0.18,0.67,0.0,0.0,0.0,0.0,1.0,1.0,0.83,0.27,0.4857,0.3333,0.42,1.0,0.0
0.0,1.0,0.6875,0.0,0.0,0.74,0.0,0.9036,1.0,0.0,0.92,0.75,0.18,0.527,0.5,0.0,0.0,0.0,1.0,0.5,0.83,0.27,0.5071,0.3333,0.75,1.0,0.0
0.0,1.0,0.6042,0.0,0.0,0.63,0.0,0.9107,1.0,0.0,0.83,0.75,0.18,0.515,0.5,0.0,0.0,0.0,1.0,1.0,0.83,0.18,0.5071,0.3333,0.705,1.0,0.0
0.0,1.0,0.7292,0.0,0.0,0.84,0.0,0.7607,1.0,0.0,1.0,0.25,1.0,0.295,0.5,0.0,0.0,0.23,1.0,0.5,0.83,0.18,0.8,0.3333,0.705,1.0,0.0
0.0,1.0,0.4792,0.0,0.0,0.74,0.0,0.7,1.0,0.83,0.75,0.75,0.39,0.71,1.0,0.0,0.0,0.38,1.0,0.5,0.83,0.04,0.7393,0.3333,0.705,1.0,0.0
0.0,1.0,0.5208,0.0,0.0,0.73,0.0,0.5179,1.0,0.83,0.77,0.75,1.0,0.615,0.5,0.0,0.0,0.0,0.5,0.5,0.83,0.18,0.525,0.3333,0.4,1.0,0.0
0.0,1.0,0.6562,0.0,0.0,0.43,0.0,0.5179,1.0,0.53,0.64,0.75,0.45,0.635,0.5,0.0,0.0,0.56,1.0,0.5,0.72,0.0,0.525,0.3333,0.74,1.0,0.0
0.0,1.0,0.9688,0.0,0.0,0.19,0.0,0.6821,1.0,0.0,0.16,0.75,1.0,0.625,1.0,0.25,0.0,0.0,1.0,0.5,0.83,0.18,0.8429,0.3333,0.875,1.0,0.0
0.0,1.0,0.6875,0.0,0.0,0.53,0.0,0.475,1.0,1.0,0.79,0.75,0.17,0.5,0.0,0.25,0.0,0.0,0.5,0.5,0.83,0.37,0.8286,1.0,0.32,1.0,0.0
0.0,1.0,0.8125,0.0,0.0,0.5,0.0,0.6107,1.0,1.0,0.79,0.75,0.17,0.565,0.5,0.25,0.0,0.0,1.0,0.5,0.83,0.3,0.8321,0.3333,0.575,1.0,0.0
0.0,1.0,0.8229,0.0,0.0,0.5,0.0,0.6107,1.0,0.95,0.7,0.75,0.26,0.595,0.5,0.25,0.0,0.5,0.5,0.5,0.83,0.41,0.8321,0.3333,0.56,1.0,0.0
0.0,1.0,0.8958,0.0,0.0,0.5,0.0,0.6786,1.0,0.95,0.77,0.75,0.2,0.785,0.5,0.25,0.0,0.49,1.0,0.5,0.74,0.25,0.8179,0.3333,0.215,1.0,0.0
0.0,1.0,0.8229,0.0,0.0,0.59,0.0,0.4857,1.0,0.95,0.49,0.75,0.5,0.845,1.0,0.25,0.0,0.26,1.0,0.5,0.74,0.3,0.7179,0.0,0.325,1.0,0.0
0.0,1.0,0.7708,0.0,0.0,0.96,0.0,0.5357,1.0,0.95,0.49,0.75,0.35,0.735,0.5,0.25,0.0,0.29,1.0,0.5,0.74,0.38,0.7143,0.3333,0.285,1.0,0.0
0.0,1.0,0.7604,0.0,0.0,0.26,0.0,0.5357,1.0,0.95,0.16,0.75,0.2,0.575,0.5,0.25,0.0,0.0,1.0,0.5,0.74,0.25,0.7143,0.3333,0.595,1.0,0.0
0.0,1.0,0.7812,0.0,0.0,0.17,0.0,0.4143,1.0,1.0,0.66,0.75,1.0,0.25,1.0,0.25,0.0,0.23,1.0,1.0,0.74,0.37,0.725,0.3333,0.595,1.0,0.0
0.0,1.0,0.875,0.0,0.0,0.98,0.0,0.7179,1.0,1.0,0.31,0.75,0.18,0.11,1.0,0.0,0.0,0.25,1.0,0.5,0.74,0.25,0.5357,0.0,0.215,1.0,0.0
0.0,1.0,0.7812,0.0,0.0,0.69,0.0,0.6357,1.0,1.0,0.56,0.25,0.9,0.5,0.0,0.25,0.0,0.0,1.0,0.5,0.74,0.18,0.525,0.0,0.745,1.0,0.0
0.0,1.0,0.6875,0.0,0.0,0.25,0.0,0.6357,1.0,1.0,0.4,0.75,0.37,0.5,0.0,0.25,0.0,0.0,1.0,0.5,0.74,0.18,0.525,0.3333,0.79,1.0,0.0
0.0,1.0,0.6667,0.0,0.0,0.65,0.0,0.6357,1.0,1.0,0.4,0.75,0.37,0.5,0.0,0.25,0.0,0.0,1.0,1.0,0.74,0.18,0.525,0.3333,0.725,1.0,0.0
0.0,1.0,0.6458,0.0,0.0,0.46,0.0,0.6357,1.0,1.0,0.4,0.75,0.37,0.565,0.0,0.25,0.0,0.0,1.0,0.5,0.74,0.18,0.525,0.3333,0.725,1.0,0.0
0.0,1.0,0.7083,0.0,0.0,0.38,0.0,0.6357,1.0,1.0,0.4,0.75,0.37,0.5,0.0,0.25,0.0,0.0,1.0,0.5,0.74,0.18,0.525,0.3333,0.99,1.0,0.0
0.0,1.0,0.6771,0.0,0.0,0.43,0.0,0.6357,1.0,1.0,0.4,0.75,0.37,0.5,0.0,0.25,0.0,0.0,1.0,0.5,0.74,0.18,0.525,0.3333,0.5,1.0,0.0
0.0,1.0,0.8542,0.0,0.0,0.25,0.0,0.6357,1.0,1.0,0.4,0.75,0.35,0.56,0.5,0.25,0.0,0.69,1.0,0.5,0.74,0.18,0.525,0.3333,0.695,1.0,0.0
0.0,1.0,0.9583,0.0,0.0,0.5,0.0,0.7393,1.0,1.0,0.4,0.75,0.97,0.5,0.0,0.25,0.0,0.0,1.0,0.5,0.74,0.18,0.7536,0.3333,0.86,1.0,0.0
0.0,1.0,0.6667,0.0,0.0,0.58,0.0,0.6357,1.0,1.0,0.65,0.0,0.99,0.595,0.5,0.25,0.0,0.34,1.0,1.0,0.74,0.18,0.525,0.3333,0.78,1.0,0.0
0.0,1.0,0.5938,0.0,0.0,0.74,0.0,0.7107,1.0,1.0,0.93,0.0,0.53,0.5,0.0,0.25,0.0,0.0,1.0,0.5,0.74,0.18,0.5071,0.3333,0.63,1.0,0.0
0.0,1.0,0.7708,0.0,0.0,0.58,0.0,0.7679,1.0,0.78,0.75,0.75,0.14,0.575,0.5,0.0,0.0,0.14,0.5,0.5,0.78,0.18,0.3929,0.0,0.5,1.0,0.0
0.0,1.0,0.4792,0.0,0.0,0.58,0.0,0.8393,1.0,1.0,0.48,1.0,0.87,0.55,0.5,0.0,0.0,0.87,1.0,0.5,0.78,0.05,0.5036,0.0,0.61,1.0,0.0
0.0,1.0,0.6354,0.0,0.0,0.81,0.0,0.8107,1.0,0.53,0.19,1.0,0.48,0.0,1.0,0.0,0.0,1.0,1.0,0.5,0.83,0.32,0.5107,0.0,0.5,1.0,0.0
0.0,1.0,0.8021,0.0,0.0,0.65,0.0,0.8464,1.0,0.56,0.52,0.0,0.11,0.745,0.5,0.0,0.0,0.62,0.5,0.5,0.83,0.44,0.8929,0.0,0.605,1.0,0.0
0.0,1.0,0.8854,0.0,0.0,0.46,0.0,0.2179,1.0,0.21,0.57,0.75,0.36,0.845,0.5,0.0,0.0,0.26,1.0,0.5,0.83,0.22,0.5821,0.0,0.695,1.0,0.0
0.0,1.0,0.4583,0.0,0.0,0.66,0.0,0.8643,1.0,0.82,0.22,0.75,0.34,0.08,1.0,0.0,0.0,0.0,1.0,1.0,0.83,0.39,0.5964,0.0,0.5,1.0,0.0
0.0,1.0,0.6667,0.0,0.0,0.51,0.0,0.7821,1.0,0.5,0.45,0.75,0.5,0.725,0.5,0.0,0.0,0.5,1.0,0.5,0.73,0.35,0.7607,0.0,0.615,1.0,0.0
0.0,1.0,0.5417,0.0,0.0,1.0,0.0,0.6929,1.0,0.52,0.52,0.5,0.58,0.715,0.5,0.0,0.0,0.42,1.0,0.5,0.52,0.2,0.5071,0.0,0.0,1.0,0.0
0.0,1.0,0.625,0.0,0.0,0.37,0.0,0.7429,1.0,0.32,0.74,0.75,1.0,0.635,0.5,0.0,0.0,0.36,1.0,0.5,0.72,0.51,1.0,0.0,0.705,1.0,0.0
0.0,1.0,0.9375,0.0,0.0,0.77,0.0,0.8429,1.0,0.5,0.69,0.75,0.3,0.775,0.5,0.0,0.0,0.38,1.0,0.5,0.72,0.43,1.0,0.0,0.5,1.0,0.0
0.0,1.0,0.7083,0.0,0.0,0.68,0.0,0.7179,1.0,0.47,1.0,0.5,0.67,0.68,0.5,0.0,0.1,0.3,1.0,0.5,0.72,0.41,1.0,0.0,0.63,1.0,0.0
0.0,1.0,0.5312,0.0,0.0,0.5,0.0,0.7214,1.0,1.0,0.21,0.5,0.28,0.665,0.5,0.0,0.33,0.0,1.0,0.0,0.87,0.25,1.0,0.0,0.5,1.0,0.0
0.0,1.0,0.8854,0.0,0.0,0.51,0.0,0.8679,1.0,0.51,0.52,0.75,0.41,0.26,0.5,0.0,0.31,0.29,1.0,0.5,0.7,0.28,1.0,0.0,0.5,1.0,0.0
0.0,1.0,0.625,0.0,0.0,0.5,0.0,0.7536,1.0,1.0,0.51,0.75,0.43,0.745,0.5,0.0,0.0,0.46,1.0,0.5,0.7,0.0,1.0,0.0,0.625,1.0,0.0
0.0,1.0,0.6042,0.0,0.0,0.39,0.0,0.4607,1.0,1.0,0.58,0.75,0.3,0.63,0.5,0.0,0.14,0.38,1.0,0.5,0.81,0.0,1.0,0.0,0.735,1.0,0.0
0.0,1.0,0.6042,0.0,0.0,0.46,0.0,0.3,1.0,0.46,0.57,0.75,0.49,0.185,1.0,0.0,0.27,0.21,1.0,0.5,0.81,0.27,1.0,0.0,0.645,1.0,0.0
0.0,1.0,0.6667,0.0,0.0,0.67,0.0,0.7536,1.0,1.0,0.35,0.75,0.37,0.155,1.0,0.0,0.19,0.37,1.0,0.5,0.81,0.17,1.0,0.0,0.5,1.0,0.0
0.0,1.0,0.7083,0.0,0.0,0.6,0.0,0.7857,1.0,0.4,1.0,0.25,0.51,0.185,1.0,0.0,0.0,0.0,1.0,0.5,0.81,0.21,0.1107,0.6667,0.5,1.0,0.0
0.0,1.0,0.625,0.0,0.0,0.41,0.0,0.7607,1.0,0.39,0.54,0.75,0.59,0.755,0.5,0.0,0.0,0.47,1.0,0.5,0.81,0.47,1.0,0.6667,0.765,1.0,0.0
0.0,1.0,0.5729,0.0,0.0,0.74,0.0,0.7607,1.0,0.39,1.0,0.25,0.62,0.245,1.0,0.0,0.0,0.21,1.0,1.0,0.81,0.35,1.0,0.0,0.545,1.0,0.0
0.0,1.0,0.6562,0.0,0.0,1.0,0.0,0.7607,1.0,0.39,0.72,0.25,0.53,0.1,1.0,0.0,0.0,0.12,1.0,0.5,0.81,0.11,1.0,1.0,1.0,1.0,0.0
0.0,1.0,0.8646,0.0,0.0,0.4,0.0,0.5286,1.0,0.0,0.3,0.75,0.55,0.22,1.0,0.0,0.0,0.53,1.0,0.5,0.81,0.38,1.0,0.3333,0.5,1.0,0.0
0.0,1.0,0.5104,0.0,0.0,0.47,0.0,0.2107,1.0,1.0,0.7,0.75,0.5,0.85,1.0,0.0,0.0,0.97,1.0,1.0,0.81,0.35,1.0,0.6667,0.5,1.0,0.0
0.0,1.0,0.6667,0.0,0.0,0.38,0.0,0.5393,1.0,1.0,0.7,0.75,0.5,0.61,0.5,0.0,0.0,0.38,1.0,0.5,0.81,0.23,0.6714,0.0,0.86,1.0,0.0
0.0,1.0,0.6979,0.0,0.0,0.4,0.0,0.6929,1.0,0.09,0.49,0.75,0.98,0.72,1.0,0.0,0.92,0.33,1.0,1.0,0.81,0.32,0.8107,0.3333,0.875,1.0,0.0
0.0,1.0,0.8438,0.0,0.0,0.53,0.0,0.7036,1.0,1.0,0.5,0.5,0.6,0.285,1.0,0.0,0.0,0.26,1.0,1.0,0.81,0.0,0.9679,0.0,1.0,1.0,0.0
0.0,1.0,0.5417,0.0,0.0,0.66,0.0,0.8464,1.0,1.0,0.67,0.75,0.35,0.535,0.5,0.0,0.0,0.54,1.0,0.5,0.81,0.08,0.3321,0.0,0.85,1.0,0.0
0.0,1.0,0.9167,0.0,0.0,0.47,0.0,0.775,1.0,0.0,0.48,0.75,0.36,0.55,0.5,0.0,0.08,0.25,1.0,0.5,0.81,0.29,0.325,0.0,1.0,1.0,0.0
0.0,1.0,0.75,0.0,0.0,0.49,0.0,0.8464,1.0,1.0,0.48,0.75,0.36,0.55,0.5,0.0,0.08,0.25,1.0,0.5,0.81,0.29,0.3321,0.0,1.0,1.0,0.0
0.0,1.0,0.9167,0.0,0.0,0.48,0.0,0.8464,1.0,1.0,0.48,0.75,0.36,0.775,1.0,0.0,0.08,0.23,1.0,0.5,0.81,0.25,0.3321,0.0,0.55,1.0,0.0
0.0,1.0,0.9479,0.0,0.0,0.39,0.0,0.8464,1.0,1.0,0.48,0.75,0.36,0.55,0.5,0.0,0.08,0.16,1.0,0.5,0.81,0.29,0.3321,0.0,0.54,1.0,0.0
0.0,1.0,0.75,0.0,0.0,0.5,0.0,0.8464,1.0,1.0,0.48,0.75,0.36,0.55,0.5,0.0,0.08,0.25,1.0,0.5,0.81,0.29,0.3321,0.0,0.865,1.0,0.0
0.0,1.0,0.5729,0.0,0.0,0.37,0.0,0.8464,1.0,1.0,0.48,0.5,1.0,0.31,1.0,0.0,0.08,0.17,1.0,0.5,0.81,0.29,0.3321,0.0,0.5,1.0,0.0
0.0,1.0,0.5729,0.0,0.0,0.86,0.0,0.8464,1.0,1.0,0.67,0.0,0.36,0.72,1.0,0.0,0.0,0.0,1.0,0.5,0.81,0.25,0.3321,0.0,0.83,1.0,0.0
0.0,1.0,0.4479,0.0,0.0,1.0,0.0,0.3286,1.0,1.0,0.67,0.75,0.39,0.765,1.0,0.0,0.13,0.27,1.0,0.5,0.81,0.37,1.0,0.0,0.67,1.0,0.0
0.0,1.0,0.6875,0.0,0.0,0.61,0.0,0.2714,1.0,1.0,0.75,0.75,0.75,0.945,1.0,0.0,0.18,0.0,1.0,1.0,0.83,0.34,0.8679,0.0,0.5,1.0,0.0
0.0,1.0,0.7083,0.0,0.0,1.0,0.0,0.7321,1.0,1.0,0.42,0.25,0.74,0.865,1.0,0.0,0.17,0.36,1.0,1.0,0.81,0.18,0.7464,0.0,1.0,1.0,0.0
0.0,1.0,0.7083,0.0,0.0,0.69,0.0,0.7321,1.0,1.0,0.29,0.75,0.68,0.72,1.0,0.0,0.0,0.34,1.0,0.5,0.81,0.27,0.7464,0.0,0.5,1.0,0.0
0.0,1.0,0.75,0.0,0.0,1.0,0.0,0.7286,1.0,0.51,0.28,0.0,0.48,0.84,1.0,0.0,0.0,0.4,1.0,0.5,0.81,0.22,0.7179,0.0,0.5,1.0,0.0
0.0,1.0,0.5625,0.0,0.0,0.44,0.0,0.6286,1.0,0.0,0.54,1.0,0.46,0.75,1.0,0.0,0.0,0.49,1.0,0.5,0.78,0.24,1.0,0.3333,0.5,1.0,0.0
0.0,0.99,0.625,0.0,0.0,0.44,0.0,0.6286,1.0,0.0,0.54,1.0,0.46,0.675,1.0,0.0,0.0,0.19,1.0,0.5,0.78,0.24,1.0,0.3333,0.81,1.0,0.0
0.0,1.0,0.7188,0.0,0.0,0.41,0.0,0.6286,1.0,0.0,0.37,0.25,0.93,0.715,1.0,0.0,0.0,0.0,1.0,1.0,0.78,0.38,1.0,0.0,0.5,1.0,0.0
0.0,1.0,0.9792,0.0,0.0,0.5,0.0,0.6321,1.0,1.0,1.0,1.0,0.73,0.71,1.0,0.0,0.0,0.39,1.0,0.5,0.78,0.39,0.975,0.0,0.5,1.0,0.0
0.0,1.0,0.4167,0.0,0.0,0.9,0.0,0.7786,1.0,1.0,0.76,0.75,0.56,0.76,1.0,0.0,0.0,0.43,1.0,0.5,0.78,0.18,0.625,0.3333,0.5,1.0,0.0
0.0,1.0,0.5625,0.0,0.0,0.33,0.0,0.7786,1.0,1.0,0.4,0.75,0.56,0.09,1.0,0.0,0.0,0.0,1.0,0.5,0.78,0.17,0.625,0.0,0.03,1.0,0.0
0.0,1.0,0.6146,0.0,0.0,0.51,0.0,0.6036,1.0,0.79,0.46,0.75,0.24,0.85,1.0,0.0,0.0,0.34,1.0,0.5,0.78,0.17,0.9607,0.6667,0.5,1.0,0.0
0.0,1.0,0.7917,0.0,0.0,0.48,0.0,0.6036,1.0,0.51,0.54,0.75,0.49,0.865,1.0,0.0,0.04,0.48,1.0,0.5,0.78,0.37,0.9607,0.6667,0.5,1.0,0.0
0.0,1.0,0.6667,0.0,0.0,1.0,0.0,0.7393,1.0,1.0,0.44,1.0,0.5,0.14,1.0,0.0,0.06,0.25,1.0,0.5,0.78,0.27,0.9929,0.0,0.5,1.0,0.0
0.0,1.0,0.6771,0.0,0.0,0.4,0.0,0.65,1.0,1.0,0.85,1.0,0.25,0.5,0.0,0.0,0.0,0.0,1.0,0.5,0.78,0.21,0.475,0.0,0.5,1.0,0.0
0.0,1.0,0.7292,0.0,0.0,0.5,0.0,0.6571,1.0,1.0,0.44,1.0,0.52,0.5,0.0,0.0,0.0,0.0,1.0,0.5,0.78,0.21,0.9071,0.0,0.5,1.0,0.0
0.0,1.0,0.5,0.0,0.0,1.0,0.0,0.7571,1.0,0.49,0.7,0.75,0.58,0.695,1.0,0.0,0.11,0.25,1.0,0.5,0.75,0.4,1.0,0.0,0.73,1.0,0.0
0.0,1.0,0.5,0.0,0.0,1.0,0.0,0.6786,1.0,1.0,1.0,1.0,0.25,0.0,1.0,0.0,0.0,0.0,1.0,0.5,0.71,0.65,1.0,1.0,0.5,1.0,0.0
0.0,1.0,0.6875,0.0,0.0,1.0,0.0,0.7429,1.0,0.0,0.61,1.0,0.87,0.735,1.0,0.0,0.0,0.31,1.0,0.5,0.71,0.0,1.0,0.3333,1.0,1.0,0.0
0.0,1.0,0.4479,0.0,0.0,1.0,0.0,0.7464,1.0,1.0,0.6,1.0,0.24,0.665,0.5,0.0,0.0,0.84,1.0,0.5,0.71,0.66,1.0,0.0,0.215,1.0,0.0
0.0,1.0,0.6354,0.0,0.0,1.0,0.0,0.6536,1.0,1.0,0.76,0.75,0.22,0.55,0.5,0.0,0.0,0.56,1.0,0.5,0.6,0.26,1.0,0.0,0.585,1.0,0.0
0.0,1.0,0.75,0.0,0.0,0.57,0.0,0.7929,1.0,0.87,0.67,1.0,0.22,0.5,0.0,0.0,0.0,0.0,1.0,0.5,0.6,0.2,0.4571,0.0,0.5,1.0,0.0
0.0,1.0,0.7708,0.0,0.0,0.65,0.0,0.8536,1.0,0.47,0.29,0.75,0.5,1.0,1.0,0.0,0.14,0.0,1.0,0.5,0.6,0.37,0.8286,0.0,0.5,1.0,0.0
0.0,1.0,0.5938,0.0,0.0,0.7,0.0,0.0,1.0,0.0,0.43,0.75,1.0,0.14,1.0,0.0,0.0,0.0,1.0,1.0,0.76,0.3,1.0,0.0,0.5,1.0,0.0
0.0,1.0,0.6042,0.0,0.0,0.81,0.0,0.1143,1.0,0.0,0.94,0.75,0.33,0.35,1.0,0.0,0.0,0.0,0.5,0.5,0.76,0.22,1.0,0.3333,0.5,1.0,0.0
0.0,1.0,0.5,0.08,0.0,0.52,1.0,0.7071,1.0,0.47,0.21,0.75,0.4,0.5,0.5,0.0,0.0,0.0,0.5,0.5,0.76,0.18,0.525,0.0,0.5,1.0,0.0
0.0,1.0,0.6458,0.0,0.0,0.39,0.0,0.7429,1.0,1.0,1.0,1.0,0.5,0.735,1.0,0.0,0.61,0.29,1.0,0.5,0.71,0.39,0.8393,1.0,0.825,1.0,0.0
0.0,1.0,0.4583,0.0,0.0,1.0,0.0,0.6429,1.0,1.0,0.56,1.0,0.5,0.5,0.5,0.0,0.0,0.0,1.0,0.5,0.77,0.16,0.9357,0.0,0.5,1.0,0.0
0.0,1.0,0.5,0.08,0.0,0.58,0.0,0.6393,1.0,0.92,0.82,0.25,0.79,0.5,0.5,0.0,0.47,0.0,1.0,0.5,0.77,0.59,1.0,0.0,0.5,1.0,0.0
0.0,1.0,0.5625,0.0,0.0,0.44,0.0,0.6643,1.0,1.0,0.24,0.75,1.0,0.625,0.5,0.0,0.2,0.0,1.0,0.5,0.77,0.27,0.9643,0.0,0.5,1.0,0.0
0.0,1.0,1.0,0.0,0.0,0.22,0.0,0.7143,1.0,0.94,0.02,1.0,0.63,0.34,1.0,0.0,0.0,0.0,1.0,0.5,0.72,0.25,0.425,0.0,0.5,1.0,0.0
0.0,1.0,1.0,0.0,0.0,0.39,0.0,0.7143,1.0,0.43,0.25,1.0,0.28,0.74,1.0,0.0,0.0,0.25,1.0,0.5,0.72,0.25,0.425,0.6667,0.5,1.0,0.0
0.0,1.0,1.0,0.0,0.0,0.33,0.0,0.6,1.0,1.0,0.32,0.25,0.26,0.9,0.5,0.0,0.15,0.39,1.0,0.5,0.39,0.37,0.2429,0.0,0.885,1.0,0.0
0.0,1.0,1.0,0.0,0.0,0.41,0.0,0.7607,1.0,1.0,0.28,1.0,0.19,0.73,1.0,0.0,0.0,1.0,1.0,0.5,0.7,0.17,0.275,0.0,0.5,1.0,0.0
0.0,1.0,1.0,0.0,0.0,0.35,0.0,0.6464,1.0,1.0,0.09,1.0,0.25,0.725,1.0,0.0,0.0,0.5,1.0,1.0,0.76,0.33,0.6357,0.3333,0.5,1.0,0.0
0.0,1.0,0.9688,0.0,0.0,0.9,0.0,0.6929,1.0,0.5,0.5,0.75,0.2,0.265,1.0,0.25,0.0,0.38,1.0,0.5,0.36,0.19,0.7607,0.6667,0.965,1.0,0.0
0.0,1.0,1.0,0.0,0.0,0.37,0.0,0.4286,1.0,0.72,0.39,0.75,0.35,1.0,1.0,0.0,0.0,0.0,1.0,0.5,0.55,0.06,0.8571,0.3333,0.5,1.0,0.0
0.0,1.0,1.0,0.0,0.0,0.5,0.0,0.475,1.0,0.95,0.27,0.75,0.32,0.625,1.0,0.0,0.22,0.91,1.0,0.5,0.55,0.18,0.8107,0.0,1.0,1.0,0.0
0.0,1.0,0.9688,0.0,0.0,0.59,0.0,0.475,1.0,0.95,0.23,0.75,0.32,0.24,1.0,0.0,0.0,0.5,1.0,1.0,0.55,0.18,0.8107,0.0,0.5,1.0,0.0
0.0,1.0,1.0,0.0,0.0,0.28,0.0,0.8714,1.0,1.0,0.14,0.75,0.37,0.67,0.0,0.0,0.0,0.39,1.0,1.0,0.83,0.18,0.1857,0.0,1.0,1.0,0.0
0.0,1.0,1.0,0.0,0.0,0.72,0.0,0.8357,1.0,0.0,0.66,0.25,0.98,0.1,1.0,0.0,0.0,0.0,1.0,1.0,0.73,0.36,0.6857,0.0,0.5,1.0,0.0
0.0,1.0,1.0,0.0,0.0,0.67,0.0,0.65,1.0,0.76,1.0,0.5,0.84,0.695,1.0,0.0,0.72,0.0,1.0,0.5,0.72,0.58,0.7464,0.0,0.5,1.0,0.0
0.0,1.0,0.6146,0.0,0.0,0.82,0.0,0.5107,1.0,1.0,0.33,0.75,0.37,0.73,1.0,0.0,0.0,0.5,0.5,1.0,0.69,0.27,0.5036,0.0,0.875,1.0,0.0
0.0,1.0,0.7604,0.0,0.0,0.59,0.0,0.7857,1.0,0.62,0.33,0.25,0.47,0.115,1.0,0.25,0.0,0.0,1.0,0.5,0.49,0.36,0.7821,0.0,0.485,1.0,0.0
0.0,1.0,0.75,0.0,0.0,0.5,0.0,0.7679,1.0,0.0,0.0,0.75,0.31,0.175,1.0,0.0,0.0,0.0,1.0,1.0,0.73,0.38,0.4143,0.0,0.485,1.0,0.0
0.0,1.0,0.7083,0.0,0.0,0.9,0.0,0.7107,1.0,1.0,0.36,0.75,0.36,0.815,0.5,0.25,0.0,0.0,1.0,0.5,0.78,0.32,0.8536,0.3333,0.625,1.0,0.0
0.0,1.0,0.7708,0.0,0.0,0.84,0.0,0.7679,1.0,1.0,0.4,0.5,1.0,0.041,1.0,0.0,0.0,0.09,1.0,0.5,0.78,0.26,0.7857,0.0,0.01,1.0,0.0
0.0,1.0,0.8333,0.0,0.0,1.0,0.0,0.7679,1.0,1.0,0.94,0.0,1.0,0.825,0.5,0.25,0.0,0.21,1.0,0.5,0.78,0.29,0.7857,0.3333,0.45,1.0,0.0
0.0,1.0,0.5,0.0,0.0,0.78,0.0,0.5929,1.0,1.0,0.54,0.25,0.66,0.925,0.5,0.25,0.0,0.24,1.0,0.5,0.78,0.26,0.9786,0.3333,0.085,1.0,0.0
0.0,1.0,0.3958,0.0,0.0,0.85,0.0,0.7179,1.0,1.0,0.66,0.5,0.59,0.93,1.0,0.0,0.0,0.44,0.0,0.5,0.45,0.21,0.8429,1.0,0.5,1.0,0.0
0.0,1.0,0.5729,0.0,0.0,0.61,0.0,0.5786,1.0,0.51,0.0,0.75,0.9,0.79,0.5,0.5,0.0,0.4,1.0,0.5,0.48,0.0,0.7357,1.0,1.0,1.0,0.0
0.0,1.0,0.5,0.0,0.0,0.61,0.0,0.7571,1.0,0.0,0.34,0.0,0.25,0.81,0.5,0.5,0.0,0.77,1.0,0.5,0.61,0.0,0.4429,1.0,0.895,1.0,0.0
0.0,1.0,0.5729,0.0,0.0,0.15,0.0,0.5107,1.0,0.0,0.16,0.75,1.0,0.65,1.0,0.25,0.0,0.36,1.0,1.0,0.83,0.0,0.8429,0.3333,0.875,1.0,0.0
0.0,1.0,0.8021,0.0,0.0,0.2,0.0,0.6821,1.0,0.0,0.16,0.75,0.84,0.625,1.0,0.25,0.0,0.0,1.0,0.5,0.83,0.0,0.8429,0.3333,0.875,1.0,0.0
0.0,1.0,0.4375,0.0,0.0,0.37,0.14,0.9571,1.0,0.26,0.5,1.0,0.23,1.0,1.0,0.0,0.55,0.0,0.0,1.0,0.93,0.24,0.2107,0.0,0.525,1.0,0.0
0.0,1.0,0.8854,0.0,0.02,0.45,0.29,0.0,1.0,0.29,0.07,0.5,0.74,0.245,0.5,0.5,0.38,0.33,0.5,0.5,0.52,0.0,0.025,1.0,0.185,1.0,0.0
0.0,1.0,0.7604,0.0,0.02,0.14,0.24,0.6714,1.0,0.1,0.62,0.5,0.14,0.5,0.0,0.5,0.1,0.48,0.5,0.5,0.52,0.08,0.7393,1.0,0.635,1.0,0.0
0.0,1.0,0.7812,0.0,0.02,0.75,0.49,0.7536,1.0,0.36,0.71,0.5,0.65,0.64,0.5,0.5,0.92,0.65,0.5,0.5,0.39,0.3,0.275,1.0,0.26,1.0,0.0
0.0,1.0,1.0,0.0,0.02,0.32,0.24,0.775,1.0,0.56,0.62,0.0,0.75,0.175,0.5,0.5,0.51,0.97,0.5,0.0,0.52,0.0,0.2679,1.0,0.605,1.0,0.0
0.0,1.0,0.4167,0.0,0.025,0.0,0.0,0.0571,1.0,0.13,0.5,0.5,0.22,0.655,0.5,0.0,0.09,0.0,0.5,1.0,0.0,0.0,0.1143,0.0,0.095,1.0,0.0
0.0,1.0,0.75,0.0,0.02,0.21,0.0,0.3536,1.0,0.54,0.77,0.5,0.83,0.185,0.5,0.5,0.21,0.61,0.5,1.0,0.0,0.25,0.0429,1.0,0.885,1.0,0.0
0.0,1.0,0.3542,0.0,0.11,0.76,0.61,0.9607,1.0,0.6,0.07,1.0,0.76,0.0,0.5,0.5,0.93,0.69,0.5,0.5,0.14,0.0,0.6964,1.0,1.0,1.0,0.0
0.0,1.0,0.9167,0.0,0.02,0.0,0.0,0.7286,1.0,0.37,0.38,0.0,0.67,0.775,0.5,0.0,0.52,0.0,0.5,1.0,0.27,0.48,0.6643,0.0,0.09,1.0,0.0
0.0,1.0,0.7188,0.0,0.02,0.58,0.0,0.85,1.0,0.31,0.64,0.0,0.13,0.71,0.5,0.5,0.61,0.58,0.5,1.0,0.39,0.25,0.7821,1.0,1.0,1.0,0.0
0.0,1.0,0.8646,0.0,0.02,0.42,0.0,0.8,1.0,0.31,0.28,0.0,0.13,0.195,0.5,0.5,0.61,0.11,0.5,0.0,0.58,0.25,0.7036,1.0,0.66,1.0,0.0
0.0,1.0,0.75,0.0,0.02,0.12,0.0,0.9179,1.0,0.33,0.61,1.0,0.27,0.685,0.5,0.5,0.13,0.0,0.5,1.0,0.0,0.25,0.5929,1.0,0.0,1.0,0.0
0.0,1.0,0.5,0.0,0.02,0.12,0.0,0.9429,0.0,0.54,0.38,0.0,0.19,0.0,0.5,0.5,0.21,0.84,0.5,1.0,0.0,0.25,1.0,1.0,0.12,1.0,0.0
0.0,1.0,0.5,0.0,0.105,1.0,0.46,0.8714,0.0,0.71,0.76,0.0,0.14,0.585,0.5,0.5,0.64,0.19,0.5,1.0,0.49,0.14,0.825,1.0,0.8,1.0,0.0
0.0,1.0,0.5,0.0,0.02,0.37,0.0,0.0,0.0,0.61,0.61,1.0,0.67,1.0,0.5,0.0,0.69,0.0,0.5,1.0,0.16,0.46,0.6393,0.0,0.5,1.0,0.0
0.0,1.0,0.5,0.04,0.0,0.25,0.0,0.8464,0.0,0.63,0.48,1.0,0.52,0.75,0.5,0.5,1.0,0.0,0.5,0.5,0.32,0.14,1.0,1.0,0.785,1.0,0.0
0.0,1.0,0.5,0.0,0.06,0.86,0.83,0.8643,0.0,0.48,0.71,0.0,0.52,0.945,0.5,0.5,0.49,0.02,0.5,0.5,0.37,0.14,1.0,1.0,0.095,1.0,0.0
0.0,1.0,0.5,0.0,0.0,0.94,0.15,0.8321,0.0,0.65,0.61,0.0,0.35,0.005,0.5,0.5,1.0,0.0,0.5,0.5,0.28,0.0,1.0,1.0,0.925,1.0,0.0
0.0,1.0,0.5,0.0,0.06,0.86,0.49,0.8621,0.0,0.48,0.71,0.0,0.52,0.945,0.5,0.5,0.49,0.02,0.5,0.5,0.37,0.14,1.0,1.0,0.095,1.0,0.0
0.0,1.0,0.5,0.0,0.0,0.25,0.61,0.8786,0.0,0.31,0.48,0.5,0.52,0.705,0.5,0.5,1.0,0.42,0.5,0.0,0.32,0.14,1.0,1.0,0.495,1.0,0.0
0.0,1.0,0.5,0.0,0.02,0.62,0.47,0.75,0.0,0.25,0.76,0.5,0.67,0.675,0.5,0.5,0.92,0.33,0.5,0.5,0.39,0.0,1.0,1.0,0.26,1.0,0.0
0.0,1.0,0.5,0.0,0.0,0.93,0.42,0.7679,0.0,0.27,0.68,0.0,0.72,0.325,0.5,0.5,0.74,0.21,0.5,0.5,0.37,0.4,1.0,1.0,0.525,1.0,0.0
0.0,1.0,0.5,0.0,0.11,0.36,0.62,0.8179,0.0,0.41,0.69,0.5,0.0,0.405,0.5,0.5,1.0,0.15,0.0,0.5,0.71,0.62,1.0,1.0,0.275,1.0,0.0
0.0,1.0,0.5,0.08,0.02,0.54,0.24,0.8786,0.0,0.0,1.0,0.5,0.0,0.755,0.5,0.0,1.0,0.0,0.0,0.5,0.06,0.0,1.0,0.0,0.545,1.0,0.0
0.0,1.0,0.5,0.0,0.0,0.94,0.83,0.4786,0.0,0.2,0.43,0.5,0.31,0.425,0.5,0.5,0.0,0.0,0.0,1.0,0.29,0.71,1.0,1.0,0.5,1.0,0.0
0.0,1.0,0.5625,0.0,0.0,0.23,0.61,0.7821,0.0,0.74,0.43,0.5,0.31,0.5,0.0,0.5,1.0,0.0,0.0,0.5,0.11,0.79,1.0,1.0,0.14,1.0,0.0
0.0,1.0,0.5,0.0,0.0,0.05,0.55,0.7464,0.0,0.2,0.43,0.5,0.31,1.0,0.5,0.5,0.0,0.0,0.0,0.5,0.12,0.71,1.0,1.0,0.0,1.0,0.0
0.0,1.0,0.4375,0.0,0.001,1.0,0.61,0.975,0.0,0.74,0.45,1.0,0.47,0.515,0.5,0.5,1.0,1.0,0.0,1.0,0.0,0.09,0.1,1.0,0.52,1.0,0.0
0.0,1.0,0.5,0.0,0.0,0.36,0.5,0.6857,0.0,0.15,0.32,0.5,0.04,0.72,0.5,0.5,0.21,0.0,0.0,0.5,0.37,0.4,1.0,1.0,0.24,1.0,0.0
0.0,1.0,0.5,0.0,0.0,0.07,0.55,0.8143,0.0,0.2,0.43,0.5,0.31,0.0,0.5,0.5,0.0,0.84,0.0,0.5,0.74,0.78,1.0,1.0,0.0,1.0,0.0
0.0,1.0,0.5,0.0,0.0,0.17,0.0,0.7286,0.0,1.0,1.0,0.0,1.0,0.855,0.5,0.5,1.0,1.0,0.0,0.5,0.72,1.0,1.0,1.0,0.0,1.0,0.0
0.0,1.0,0.5,0.08,0.02,0.26,0.24,0.5,0.0,0.0,0.49,1.0,0.0,0.28,0.5,0.0,0.19,1.0,0.0,0.0,0.47,0.0,1.0,0.0,0.545,1.0,0.0
0.0,1.0,0.3313,0.03,0.0,0.83,0.0,0.9571,1.0,0.37,0.8,0.75,0.36,0.5,0.0,0.0,0.59,0.8,0.0,1.0,0.83,0.0,1.0,0.3333,0.5,1.0,0.0
0.0,1.0,0.4583,0.0,0.0,1.0,0.14,0.9643,1.0,0.74,0.38,0.0,0.4,0.16,1.0,0.0,0.12,0.0,0.0,1.0,0.87,0.24,0.8821,0.3333,0.5,1.0,0.0
0.0,1.0,0.1354,0.02,0.0,1.0,0.0,0.9464,1.0,0.88,0.75,1.0,0.0,0.5,0.0,0.0,0.11,0.49,0.0,1.0,0.95,0.31,1.0,0.3333,0.14,1.0,0.0
0.0,1.0,0.2917,0.05,0.0,1.0,0.0,0.9643,1.0,0.76,0.5,1.0,0.29,0.5,0.0,0.0,0.0,0.5,0.0,1.0,0.8,0.22,1.0,0.3333,1.0,1.0,0.0
0.0,1.0,0.3646,0.0,0.0,1.0,0.0,0.8964,1.0,1.0,0.71,0.75,0.38,0.5,0.0,0.0,0.25,0.49,0.5,1.0,0.86,0.0,0.9893,0.3333,1.0,1.0,0.0
0.0,1.0,0.0625,0.02,0.0,0.98,0.0,0.975,1.0,0.0,1.0,0.0,0.02,0.5,0.0,0.0,0.32,0.71,0.0,1.0,0.86,0.45,0.8643,0.3333,0.475,1.0,0.0
0.0,1.0,0.0833,0.02,0.0,0.24,0.16,0.9679,1.0,0.74,0.74,1.0,0.22,0.5,0.0,0.0,0.0,0.69,0.0,1.0,0.81,0.0,0.7786,0.3333,0.27,1.0,0.0
0.0,1.0,0.0312,0.04,0.0,0.37,0.0,1.0,1.0,0.5,0.73,0.0,0.27,0.5,0.0,0.0,0.0,0.78,0.0,1.0,0.88,0.0,0.8643,0.3333,0.0,1.0,0.0
0.0,1.0,0.0,0.02,0.0,1.0,0.0,1.0,1.0,0.51,1.0,0.5,0.73,0.5,0.0,0.0,0.5,0.39,0.0,1.0,0.87,0.64,0.3643,0.3333,0.0,1.0,0.0
0.0,1.0,0.125,0.02,0.0,1.0,0.0,1.0,1.0,0.88,0.5,0.0,0.51,0.5,0.0,0.0,0.0,0.66,0.0,1.0,1.0,0.0,1.0,0.3333,0.505,1.0,0.0
0.0,1.0,0.5417,0.02,0.0,0.28,0.0,0.8821,1.0,0.73,0.88,0.25,0.82,0.5,0.0,0.0,0.0,0.38,0.0,1.0,0.75,0.21,0.8786,0.3333,0.5,1.0,0.0
0.0,1.0,0.0625,0.0,0.0,1.0,0.0,0.9464,1.0,0.88,0.0,1.0,0.52,0.5,0.0,0.0,0.38,0.29,0.0,1.0,0.8,0.01,0.5536,0.3333,0.33,1.0,0.0
0.0,1.0,0.0625,0.03,0.0,0.86,0.0,0.95,1.0,0.83,0.67,1.0,0.28,0.5,0.0,0.0,0.0,0.5,0.0,1.0,0.73,0.38,0.9643,0.3333,0.5,1.0,0.0
0.0,1.0,0.2396,0.02,0.0,0.11,0.16,0.9714,1.0,1.0,0.61,1.0,0.26,0.5,0.0,0.0,0.03,0.56,0.0,1.0,0.87,0.0,0.9929,0.3333,0.0,1.0,0.0
0.0,1.0,0.0625,0.05,0.0,1.0,0.0,0.9857,1.0,0.84,0.0,0.5,0.5,0.5,0.0,0.0,0.19,0.0,0.0,1.0,0.85,0.47,0.7464,0.3333,0.5,1.0,0.0
0.0,1.0,0.0,0.02,0.0,1.0,0.0,0.8214,1.0,0.76,0.85,0.5,0.57,0.5,0.0,0.0,0.53,0.36,0.0,1.0,0.91,0.23,0.8964,0.3333,0.0,1.0,0.0
0.0,1.0,0.1562,0.08,0.0,1.0,0.0,0.9857,1.0,0.85,0.49,1.0,1.0,0.5,0.0,0.0,0.07,0.44,0.0,1.0,0.67,0.38,0.8857,0.3333,0.04,1.0,0.0
0.0,1.0,0.125,0.04,0.0,0.53,0.55,0.8286,1.0,0.83,0.74,0.0,0.73,0.5,0.0,0.0,0.0,0.68,0.0,1.0,1.0,0.23,1.0,0.3333,0.0,1.0,0.0
0.0,1.0,0.1979,0.08,0.0,0.75,0.16,0.9714,1.0,0.73,0.64,0.0,0.49,0.5,0.0,0.0,0.7,0.19,0.0,1.0,0.67,0.3,0.8821,0.3333,0.0,1.0,0.0
0.0,1.0,0.8333,0.05,0.0,1.0,0.0,0.9821,1.0,1.0,1.0,0.0,0.18,0.495,0.5,0.0,0.0,0.3,0.5,1.0,0.87,0.58,0.8571,0.3333,0.0,1.0,0.0
0.0,1.0,0.2083,0.07,0.0,0.71,0.0,0.925,1.0,0.49,0.88,0.0,0.32,0.525,0.5,0.0,0.0,0.74,0.5,1.0,0.73,0.0,0.9071,0.3333,0.0,1.0,0.0
0.0,1.0,0.5,0.05,0.0,0.71,0.44,0.95,0.0,0.73,0.0,0.5,0.27,0.635,0.5,0.0,0.0,0.65,0.5,1.0,0.7,0.02,1.0,0.3333,0.29,1.0,0.0
0.0,1.0,0.375,0.05,0.0,0.8,0.77,0.9786,0.0,0.4,0.53,1.0,0.26,1.0,0.5,0.0,0.14,0.6,0.5,1.0,0.8,0.0,1.0,0.3333,0.905,1.0,0.0
0.0,1.0,0.4583,0.04,0.0,0.67,0.35,0.8464,0.0,0.66,0.51,0.75,0.39,0.67,0.5,0.0,0.14,1.0,0.5,1.0,0.83,0.11,1.0,0.3333,0.425,1.0,0.0
0.0,1.0,0.4583,0.04,0.0,1.0,0.48,0.7929,0.0,0.71,0.73,1.0,0.41,0.735,0.5,0.0,0.0,0.73,0.5,1.0,0.82,0.0,0.4964,0.3333,0.27,1.0,0.0
0.0,1.0,0.4167,0.03,0.0,0.49,0.34,0.9071,0.0,0.91,0.72,0.0,0.39,0.84,0.5,0.0,0.0,0.34,0.5,1.0,0.88,0.26,1.0,0.3333,0.155,1.0,0.0
0.0,1.0,0.3958,0.05,0.0,1.0,0.6,0.9964,0.0,0.78,0.71,1.0,0.31,0.395,0.5,0.0,0.36,0.72,0.5,1.0,0.74,0.13,0.4929,0.3333,0.0,1.0,0.0
0.0,1.0,0.5,0.05,0.0,0.72,0.53,0.8679,0.0,0.58,0.0,0.0,0.32,0.825,0.5,0.0,0.83,0.45,0.5,1.0,0.69,0.15,1.0,0.3333,0.805,1.0,0.0
0.0,1.0,0.4375,0.06,0.0,1.0,0.61,0.9786,0.0,0.41,0.61,0.0,0.95,0.73,0.5,0.0,0.16,0.4,0.5,0.5,0.76,0.0,0.0,0.3333,0.54,1.0,0.0
0.0,1.0,0.5,0.05,0.0,0.49,0.64,0.8536,0.0,0.69,0.9,1.0,0.32,0.62,0.5,0.0,0.0,0.75,0.5,1.0,0.49,0.42,1.0,0.3333,0.265,1.0,0.0
0.0,1.0,0.5,0.04,0.0,0.37,0.55,0.9036,0.0,0.89,0.35,0.5,0.24,0.68,0.5,0.0,0.27,0.6,0.5,1.0,0.72,0.0,1.0,0.3333,0.26,1.0,0.0
0.0,1.0,0.4375,0.04,0.0,0.55,0.63,0.8821,0.0,0.83,0.47,1.0,0.32,0.465,0.5,0.0,0.13,0.32,0.5,1.0,0.62,0.14,1.0,0.3333,0.0,1.0,0.0
0.0,1.0,0.5,0.04,0.0,0.49,0.44,0.9429,0.0,0.78,0.27,0.0,0.38,0.86,0.5,0.0,0.27,0.49,0.5,0.0,0.77,0.07,1.0,0.3333,0.36,1.0,0.0
0.0,1.0,0.5,0.04,0.0,0.72,0.61,0.9357,0.0,0.66,1.0,0.5,0.27,0.725,0.5,0.0,0.0,0.41,0.5,1.0,0.63,0.11,1.0,0.3333,0.595,1.0,0.0
0.0,1.0,0.5,0.03,0.0,0.0,0.16,0.0,0.0,0.44,0.0,0.5,0.0,0.505,0.0,0.0,0.0,0.0,0.0,0.5,0.06,0.5,1.0,0.3333,0.5,1.0,0.0
0.0,1.0,0.5,0.02,0.0,0.69,0.63,0.7179,0.0,0.88,0.0,0.5,0.74,0.5,0.0,0.0,0.0,0.0,0.0,0.0,0.49,0.25,1.0,0.3333,0.5,1.0,0.0
0.0,1.0,0.5,0.08,0.05,0.5,0.62,0.8536,0.0,1.0,0.0,0.5,1.0,0.625,0.5,0.0,0.0,0.22,0.0,0.5,0.24,0.2,1.0,0.3333,0.5,1.0,0.0
0.0,1.0,0.5,0.02,0.0,0.69,0.54,0.9357,0.0,0.88,0.0,0.5,0.52,0.5,0.0,0.0,0.97,0.0,0.0,0.0,0.72,0.25,1.0,0.3333,0.5,1.0,0.0
0.0,1.0,0.5,0.12,0.0,0.63,0.5,0.8393,0.0,0.85,0.75,1.0,0.36,0.0,0.5,0.0,0.0,0.35,0.0,0.0,0.83,0.0,1.0,0.3333,0.5,1.0,0.0
0.0,1.0,0.5,0.14,0.0,0.0,0.52,0.5107,0.0,0.65,0.0,1.0,0.25,0.55,0.5,0.0,0.0,0.49,0.0,0.0,0.83,0.0,1.0,0.3333,0.5,1.0,0.0
0.0,1.0,0.5,0.23,0.0,0.46,0.51,0.5821,0.0,0.61,0.63,1.0,0.4,0.515,0.5,0.0,0.0,0.28,0.0,1.0,0.6,0.2,1.0,0.3333,0.5,1.0,0.0
0.0,1.0,0.5,0.05,0.0,0.48,0.62,0.9536,0.0,0.72,0.49,0.5,0.13,1.0,1.0,0.0,0.0,0.25,0.0,1.0,0.74,0.27,1.0,1.0,0.5,1.0,0.0
0.0,1.0,0.5,0.05,0.0,0.6,0.51,0.9393,0.0,0.81,0.52,0.5,0.49,1.0,1.0,0.0,0.0,0.44,0.0,1.0,0.6,0.27,1.0,0.3333,0.5,1.0,0.0
0.0,0.5,0.5,0.08,0.0,0.75,0.16,0.8964,0.0,0.0,0.0,0.75,0.02,0.73,0.5,0.0,0.0,0.35,0.0,0.0,0.69,0.0,0.9893,0.3333,0.5,1.0,0.0
